sensors_x = [
[ 25188 25140 25152 25176 25128 25152 25152 25092 25116 25140 25104 25104 25092 25104 25104 25068 25080 25116 25104 25080 25044 25056 25032 25080 25068 25056 25068 25056 25068 25044 25068 25044 25020 25056 25032 25020 25044 25032 25032 25008 25020 25068 25032 25056 25056 25044 25056 25092 25068 25068 25092 25104 25116 25104 25116 25140 25140 25116 25140 25152 25152 25176 25164 25176 25164 25164 25188 25200 25164 25164 25176 25188 25164 25140 25152 25140 25128 25152 25140 25116 25080 25152 25080 25092 25128 25080 25080 25044 25056 25044 25068 25056 25044 24996 25032 25044 25032 25032 25020 25032 25020 25020 25020 25032 25032 25044 25044 25032 25020 25044 25032 25068 25068 25068 25044 25092 25056 25080 25044 25080 ]
[ 25680 25680 25656 25668 25644 25680 25656 25632 25656 25656 25656 25656 25668 25656 25656 25632 25644 25656 25644 25620 25656 25632 25632 25620 25656 25632 25644 25632 25644 25620 25608 25632 25608 25656 25620 25632 25608 25584 25596 25620 25644 25620 25644 25620 25644 25620 25608 25644 25608 25632 25632 25632 25632 25632 25632 25656 25644 25656 25632 25656 25656 25644 25692 25668 25656 25656 25728 25644 25668 25668 25656 25704 25668 25668 25656 25656 25656 25656 25668 25656 25632 25656 25668 25632 25692 25632 25632 25656 25596 25632 25632 25656 25644 25644 25632 25644 25656 25632 25620 25608 25632 25608 25620 25608 25632 25632 25632 25608 25632 25620 25632 25644 25620 25632 25620 25584 25620 25632 25620 25632 ]
[ 19932 19908 19956 19908 19908 19920 19920 19884 19932 19944 19920 19932 19896 19932 19920 19896 19920 19932 19944 19956 19836 19956 19932 19896 19920 19944 19968 19920 19908 19896 19932 19896 19908 19920 19968 19920 19872 19920 19860 19884 19920 19968 19884 19896 19896 19908 19896 19872 19920 19872 19896 19860 19896 19860 19896 19860 19896 19848 19884 19908 19896 19920 19932 19908 19860 19956 19920 19896 19932 19872 19908 19944 19980 19908 19908 19896 19956 19944 19944 19908 19896 19956 19908 19980 19992 19932 19968 19908 19908 19944 19956 19944 19908 19908 19944 19908 19908 19920 19908 19896 19932 19944 19908 19932 19944 19884 19920 19920 19944 19908 19932 19884 19896 19920 19932 19872 19860 19908 19896 19872 ]
[ 15432 15384 15432 15408 15384 15384 15396 15348 15456 15408 15336 15396 15336 15396 15384 15204 15324 15384 15432 15408 15156 15408 15396 15324 15336 15336 15384 15372 15300 15348 15372 15300 15324 15420 15396 15336 15300 15348 15312 15372 15264 15360 15396 15372 15360 15456 15336 15312 15408 15372 15372 15348 15420 15348 15324 15420 15360 15300 15396 15408 15384 15408 15336 15396 15324 15420 15492 15336 15336 15360 15408 15420 15540 15384 15408 15372 15420 15360 15456 15324 15300 15348 15384 15312 15444 15336 15456 15360 15264 15396 15396 15336 15324 15372 15396 15372 15336 15312 15312 15348 15360 15300 15348 15348 15420 15384 15348 15408 15336 15456 15336 15360 15324 15384 15324 15360 15360 15348 15372 15336 ]
];
sensors_y = [
[ 63700 63676 63664 63688 63640 63664 63688 63676 63676 63652 63688 63664 63676 63664 63712 63652 63664 63676 63688 63664 63676 63640 63688 63640 63688 63640 63676 63664 63676 63724 63676 63652 63676 63664 63664 63652 63676 63688 63640 63688 63628 63652 63664 63664 63640 63628 63640 63676 63652 63652 63652 63640 63652 63616 63628 63628 63652 63652 63628 63616 63664 63616 63652 63664 63652 63676 63700 63640 63652 63676 63664 63700 63676 63676 63640 63676 63688 63688 63652 63676 63640 63688 63688 63676 63664 63664 63664 63676 63640 63676 63676 63688 63676 63628 63688 63676 63712 63688 63676 63640 63676 63652 63652 63664 63688 63700 63652 63640 63676 63652 63688 63652 63652 63652 63652 63604 63676 63640 63652 63664 ]
[ 62632 62632 62632 62620 62620 62632 62608 62608 62632 62632 62632 62632 62620 62608 62656 62632 62620 62608 62620 62620 62608 62608 62608 62596 62608 62632 62620 62608 62596 62596 62584 62608 62584 62608 62596 62584 62584 62584 62548 62572 62572 62572 62572 62572 62572 62572 62536 62548 62536 62560 62584 62584 62560 62560 62536 62560 62572 62584 62584 62584 62584 62596 62644 62596 62584 62608 62680 62596 62620 62620 62608 62656 62644 62644 62632 62632 62656 62632 62644 62632 62584 62632 62620 62608 62620 62608 62608 62632 62596 62608 62584 62608 62620 62620 62560 62596 62608 62584 62572 62584 62584 62560 62572 62560 62584 62584 62560 62560 62584 62572 62560 62572 62572 62560 62548 62512 62572 62560 62548 62584 ]
[ 62908 62884 62908 62908 62956 62944 62968 62884 62932 62908 62920 62908 62944 62884 62944 62920 62944 62932 62920 62908 62932 62980 62932 62944 62920 62944 62920 62896 62908 62992 62932 62920 62956 62968 62944 62920 62968 62944 62884 62932 62920 62920 62908 62920 62920 62908 62944 62896 62944 62896 62920 62956 62968 62956 62992 62908 62968 62968 62956 62932 62944 62944 62932 62908 62956 62908 62968 62944 62956 62944 62932 62944 62956 62932 62932 62968 62956 62944 62968 62908 62872 62956 62932 62944 62896 62932 62944 62956 62860 62992 62956 62968 62932 62932 62992 62908 62956 62992 62908 62920 62932 62920 62908 62980 62992 62956 62968 62896 62992 62944 62908 62932 62920 62968 62932 62872 62956 62932 62920 62896 ]
[ 62560 62536 62632 62608 62584 62632 62572 62572 62584 62632 62560 62620 62608 62572 62680 62668 62620 62560 62608 62608 62644 62620 62596 62548 62560 62680 62632 62620 62572 62668 62572 62596 62596 62596 62644 62608 62548 62596 62560 62572 62584 62548 62524 62620 62608 62512 62536 62440 62536 62548 62548 62572 62572 62548 62548 62500 62536 62644 62572 62536 62584 62584 62584 62452 62500 62524 62620 62608 62608 62632 62512 62596 62644 62560 62560 62596 62644 62584 62656 62548 62548 62644 62512 62560 62548 62584 62632 62632 62584 62644 62548 62560 62548 62596 62620 62620 62656 62560 62608 62572 62584 62596 62572 62620 62620 62680 62584 62464 62608 62584 62560 62536 62548 62488 62548 62464 62560 62524 62548 62560 ]
];
house_keep = [
[ 38318 38313 38315 38312 38316 38314 38317 0 ]
[ 32634 32635 32635 32640 32629 32634 32633 0 ]
[ 38153 38152 38150 38153 38153 38153 38154 0 ]
[ 27014 27044 27080 27112 27146 27189 27242 0 ]
[ 27014 27044 27080 27112 27146 27189 27242 0 ]
];
config = [309 616 2 1 0 ]