sensors_x = [
[ 52336 52516 52612 52444 52756 52864 52684 52492 52564 52324 52732 52804 52228 52516 52312 52672 52540 52780 52408 52336 52216 52840 52156 52504 52576 52396 52564 52432 52192 52720 52228 52492 52696 52108 52192 52396 52336 52396 52240 52036 52420 52444 52228 51928 52672 52492 52804 52216 52252 52492 52516 53128 58192 53452 53080 53116 53056 52792 52540 52600 52408 52276 52888 52588 52288 52120 52240 52756 52588 53128 53200 53212 53392 53188 53200 53320 53800 53956 52816 53668 53056 53164 53080 53344 52888 53032 52588 52888 52852 52516 52792 53020 52900 52504 53116 53236 52900 52756 52912 52900 52864 52720 52696 53068 52840 52300 52612 52708 52948 53008 52444 52648 52504 52996 52912 52852 52768 52780 52780 53344 ]
[ 56080 55996 55948 55864 55816 55804 55708 55660 55624 55528 55492 55492 55420 55396 55384 55336 55264 55252 55396 55204 55192 55120 55108 55072 55060 55012 55036 55024 55060 54952 54988 55000 54988 54952 54940 54940 54952 54952 54952 54952 54976 54988 55012 55024 55060 55060 55060 55072 55156 55108 55084 55156 55204 55156 55168 55192 55180 55168 55180 55120 55096 55096 55168 55204 55144 55168 55156 55108 55168 55168 55348 54232 55000 54376 54280 54052 54628 54892 54712 54712 54796 54784 54820 54832 54832 54916 54928 54976 54964 54952 55012 54976 54832 55048 55084 55048 55048 55048 55012 55000 54988 54988 54952 54928 54892 54868 54868 54832 54844 54796 54796 54784 54736 54736 54736 54748 54700 54736 54712 54760 ]
[ 56152 56200 56224 56236 56236 56236 56236 56236 56236 56236 56236 56236 56236 56236 56236 56236 56236 56236 56236 56236 56236 56236 56236 56236 56236 56236 56236 56236 56236 56236 56236 56236 56236 56236 56236 56236 56236 56236 56236 56236 56236 56236 56236 56236 56236 56236 56236 56236 56236 56236 56236 56236 56236 56236 56236 56236 56236 56236 56236 56236 56236 56236 56236 56236 56236 56236 56236 56236 56236 56236 56236 56236 56236 56236 56236 56236 56236 56236 56236 56236 56236 56236 56236 56236 56236 56236 56236 56236 56236 56236 56236 56236 56236 56236 56236 56236 56236 56236 56236 56236 56236 56236 56236 56236 56236 56236 56236 56236 56236 56236 56236 56236 56236 56236 56236 56236 56236 56236 56236 56236 ]
[ 53248 53320 53152 53176 53308 53224 53548 53200 53404 53260 52372 53188 52948 53284 53176 52696 52876 53596 53080 53176 52864 52888 53092 52840 53152 53452 52864 52972 53044 53752 53404 52708 53128 52708 52792 53428 53116 53416 53452 54100 53800 53272 52984 53272 53524 53224 53404 53440 53524 53320 53224 53488 53392 52936 53200 53536 53536 53608 53356 54352 53272 54748 61588 60160 56788 56224 53728 54316 59704 55576 54532 53452 53632 54364 54856 64576 55396 53992 55132 56224 55792 55768 56008 54436 55012 56980 54412 57064 54004 53260 53524 53572 53584 53320 53488 53104 53428 53272 53632 52528 53944 52768 53224 53296 53500 53440 53140 53308 53092 53572 53224 53296 54364 53572 54232 52924 53284 53236 53296 53164 ]
];
sensors_y = [
[ 51304 51076 51892 51052 51220 51064 51196 51316 51364 50836 50980 51340 51844 51412 51616 51232 51340 51052 51508 51568 51736 51280 51340 51280 51064 51292 51292 50896 51616 51256 51244 51220 51208 51388 51688 51076 51664 50932 51472 51556 51100 51124 51268 51856 51088 51172 50740 51832 51460 51556 51196 51568 53968 52012 51688 51652 51712 51664 51316 51064 51424 51352 50392 50812 51904 51280 50800 50380 50884 51424 51784 53620 52768 52444 53440 52480 52144 52636 51808 51436 52108 51988 51976 51880 52504 52024 52060 51904 52228 51628 52360 52060 51484 51784 51628 51244 51484 51388 51640 51916 51784 52024 52192 51340 51832 52468 51652 52180 51868 52216 51988 52312 51928 52564 51688 51796 52192 52276 52372 51688 ]
[ 44152 44236 44284 44368 44416 44428 44524 44572 44608 44704 44740 44740 44812 44836 44848 44896 44968 44980 44836 45028 45040 45112 45124 45160 45172 45220 45196 45208 45172 45280 45244 45232 45244 45280 45292 45292 45280 45280 45280 45280 45256 45244 45220 45208 45172 45172 45172 45160 45076 45124 45148 45076 45028 45076 45064 45040 45052 45064 45052 45112 45136 45136 45064 45028 45088 45064 45076 45124 45064 45064 44884 46000 45232 45856 45952 46180 45604 45340 45520 45520 45436 45448 45412 45400 45400 45316 45304 45256 45268 45280 45220 45256 45400 45184 45148 45184 45184 45184 45220 45232 45244 45244 45280 45304 45340 45364 45364 45400 45388 45436 45436 45448 45496 45496 45496 45484 45532 45496 45520 45472 ]
[ 44080 44032 44008 43996 43996 43996 43996 43996 43996 43996 43996 43996 43996 43996 43996 43996 43996 43996 43996 43996 43996 43996 43996 43996 43996 43996 43996 43996 43996 43996 43996 43996 43996 43996 43996 43996 43996 43996 43996 43996 43996 43996 43996 43996 43996 43996 43996 43996 43996 43996 43996 43996 43996 43996 43996 43996 43996 43996 43996 43996 43996 43996 43996 43996 43996 43996 43996 43996 43996 43996 43996 43996 43996 43996 43996 43996 43996 43996 43996 43996 43996 43996 43996 43996 43996 43996 43996 43996 43996 43996 43996 43996 43996 43996 43996 43996 43996 43996 43996 43996 43996 43996 43996 43996 43996 43996 43996 43996 43996 43996 43996 43996 43996 43996 43996 43996 43996 43996 43996 43996 ]
[ 49744 49648 50104 49768 49900 50104 49804 49288 49636 49852 50644 50188 50140 49828 50248 50440 50236 49660 50248 49960 50032 50056 50092 49960 49888 49996 50392 50116 50308 49288 49948 50092 50032 51268 50248 49804 49900 49624 49876 48568 50080 50032 50128 49072 50644 50236 49636 50008 50068 50128 50224 49816 50344 50368 50320 49744 50104 49912 50332 49240 51304 48004 57676 56224 54412 56392 51244 50836 55312 50884 48700 51652 51448 50644 51352 57832 51460 50968 49348 51784 50632 50608 51712 50260 48892 51052 50788 55120 52276 49828 50068 50068 49816 50776 50128 50812 50164 50344 49792 50800 50272 50656 50608 50056 49660 50152 50548 50068 50164 50020 50236 50320 49420 50332 49840 50356 50500 51004 50848 50260 ]
];
house_keep = [
[ 44356 44357 44365 44372 44370 44377 44378 0 ]
[ 32642 32633 32645 32640 32642 32596 32588 0 ]
[ 65186 65180 65178 65181 65178 65176 65179 0 ]
[ 25007 25116 25185 25296 25363 25472 25517 0 ]
[ 25007 25116 25185 25296 25363 25472 25517 0 ]
];
config = [309 616 2 1 0 ]