sensors_x = [
[ 59836 60484 61024 60112 61156 60724 60568 60988 60316 61144 60376 60688 60220 60364 60868 60772 60748 60616 60232 60640 61048 60892 60532 60592 60316 61108 60580 61048 60628 60928 60736 60628 60820 60784 61012 60496 60460 61240 60784 61120 60544 60784 60412 61000 60604 60544 61324 61348 61240 61132 61468 60760 60592 60784 61036 60976 60988 60784 60604 61300 61180 60916 60844 60868 60712 60220 60808 60376 61216 60796 61060 60196 60268 60832 61000 61192 60484 61000 60928 60484 61096 61348 60916 60736 60952 60532 60676 61012 61060 61192 61048 61228 61276 60652 60808 60604 60952 60496 60820 60988 60280 60952 60688 60748 60808 60448 61348 60340 61108 59884 60844 61360 60484 60616 60304 60772 61048 60232 60724 61012 ]
[ 55168 55144 55072 55144 55120 55096 55048 55096 54952 55012 54964 54940 54928 54868 54844 54820 54760 54736 54640 54616 54568 54532 54472 54484 54424 54424 54412 54388 54352 54352 54400 54412 54412 54424 54448 54436 54460 54556 54580 54616 54628 54688 54676 54736 54784 54784 54820 54892 54916 54928 54856 54892 54916 54916 54892 54904 54928 54880 54940 54844 54928 54868 54856 54784 54760 54736 54772 54664 54664 54688 54568 54532 54496 54484 54460 54400 54376 54364 54364 54352 54352 54400 54412 54436 54484 54532 54580 54616 54652 54772 54784 54856 54988 55036 55084 55120 55144 55228 55192 55216 55216 55252 55204 55156 55144 55072 55060 55048 54952 54868 54856 54784 54712 54604 54544 54472 54448 54412 54400 54388 ]
[ 55348 55276 55264 55288 55276 55300 55288 55264 55240 55216 55192 55156 55108 55084 55096 55072 55060 54988 54952 54844 54904 54880 54784 54784 54808 54760 54772 54736 54736 54772 54772 54784 54844 54844 54880 54928 54904 54940 54940 55000 55060 55072 55072 55156 55156 55192 55204 55192 55252 55276 55264 55276 55288 55264 55276 55240 55228 55216 55216 55240 55156 55072 55180 55144 55108 55060 55048 55012 54928 54988 54892 54868 54832 54832 54808 54820 54844 54808 54796 54808 54844 54880 54904 54916 54988 55012 55072 55120 55168 55204 55252 55300 55360 55432 55420 55492 55492 55492 55504 55528 55516 55456 55420 55444 55360 55348 55324 55288 55168 55156 55084 54988 54940 54928 54808 54796 54760 54736 54748 54748 ]
[ 60412 60112 60340 61252 60328 60628 60304 60448 61060 61072 60760 60652 60508 60832 60736 60304 60820 60616 60640 60508 60412 60448 60628 60472 61060 60064 60520 60856 60940 60820 60544 60904 60952 60544 60352 60268 60868 61504 60676 60592 60856 60700 61000 61132 60736 60496 60028 61372 61552 61432 59800 61492 60472 61060 60760 60448 60784 60712 60712 60844 61132 60748 60316 61240 60544 60424 60352 60316 60340 60952 60412 60820 60832 60496 60844 60364 60904 60940 60724 61120 60988 60604 60676 60652 60556 60880 60556 61300 60700 61936 60376 59536 60664 60868 60388 60700 61252 60736 59620 60016 59980 60472 60184 60388 60436 60964 60868 60820 60820 60352 60844 60616 60436 60328 59452 60508 60760 60868 60688 60508 ]
];
sensors_y = [
[ 60448 60076 60448 60400 61012 60916 60352 60628 60604 60376 60976 60904 60412 60592 61036 60532 61132 61096 61168 60640 60676 60364 61084 60664 60940 60388 60244 60208 61084 60520 60424 61012 61036 61168 60940 60544 61588 60496 61720 60904 61600 60736 60604 60736 61180 60736 60844 60892 61480 60748 60220 61096 61300 61504 60076 60472 60796 60784 61516 60388 60460 60868 60268 60484 60616 60580 60808 61120 60184 60604 60244 60556 60844 60880 60976 60508 61084 61504 60616 60868 60976 60484 60520 60472 60592 60532 60148 60892 60892 60208 60244 61060 60316 61372 61048 60028 60544 60832 60724 60820 60592 60568 60400 60388 60736 61216 60724 60316 60196 60244 60628 60304 60796 61312 61168 60484 60424 60568 60868 61372 ]
[ 45064 45088 45160 45088 45112 45136 45184 45136 45280 45220 45268 45292 45304 45364 45388 45412 45472 45496 45592 45616 45664 45700 45760 45748 45808 45808 45820 45844 45880 45880 45832 45820 45820 45808 45784 45796 45772 45676 45652 45616 45604 45544 45556 45496 45448 45448 45412 45340 45316 45304 45376 45340 45316 45316 45340 45328 45304 45352 45292 45388 45304 45364 45376 45448 45472 45496 45460 45568 45568 45544 45664 45700 45736 45748 45772 45832 45856 45868 45868 45880 45880 45832 45820 45796 45748 45712 45652 45616 45580 45460 45448 45376 45244 45196 45148 45112 45088 45004 45040 45016 45016 44980 45028 45076 45088 45160 45172 45184 45280 45364 45376 45448 45520 45628 45688 45760 45784 45820 45832 45844 ]
[ 44884 44956 44968 44944 44956 44932 44944 44968 44992 45016 45040 45076 45124 45148 45136 45160 45172 45244 45280 45388 45328 45352 45448 45448 45424 45472 45460 45496 45496 45460 45460 45448 45388 45388 45352 45304 45328 45292 45292 45232 45172 45160 45160 45076 45076 45040 45028 45040 44980 44956 44968 44956 44944 44968 44956 44992 45004 45016 45016 44992 45076 45160 45052 45088 45124 45172 45184 45220 45304 45244 45340 45364 45400 45400 45424 45412 45388 45424 45436 45424 45388 45352 45328 45316 45244 45220 45160 45112 45064 45028 44980 44932 44872 44800 44812 44740 44740 44740 44728 44716 44716 44776 44812 44788 44872 44884 44908 44944 45064 45076 45148 45244 45292 45304 45424 45436 45472 45496 45484 45484 ]
[ 60172 59776 60364 60256 60640 60220 60088 59752 60004 60040 60616 60412 60364 60280 60352 60568 60076 60328 60400 60388 60412 60136 59716 60664 59932 60352 60328 60616 60340 60172 60184 60232 59848 61240 60448 61084 60580 60328 60412 60424 60160 60388 60556 60316 60304 62944 60364 59908 60064 59656 61312 60436 60088 60700 60208 60376 59992 60064 60352 60340 60388 60196 60340 60496 60544 60352 59968 59644 60388 60328 60148 60196 60208 60952 59980 59404 59872 60628 59956 61768 59980 59572 59860 60580 59884 60256 60004 59260 60268 59656 59992 59584 60664 60316 59548 59716 59680 59464 60160 60664 60676 59608 60064 60220 60052 60292 60100 60124 60292 60508 60532 60544 59980 60664 60004 60220 59680 60868 60400 60196 ]
];
house_keep = [
[ 44318 44317 44322 44317 44325 44329 44327 0 ]
[ 32651 32652 32650 32633 32649 32646 32630 0 ]
[ 65194 65191 65189 65186 65190 65190 65187 0 ]
[ 24049 24187 24297 24437 24534 24645 24773 0 ]
[ 24049 24187 24297 24437 24534 24645 24773 0 ]
];
config = [309 616 2 1 0 ]