sensors_x = [
[ 23760 23772 23760 23760 23748 23760 23724 23736 23724 23748 23748 23736 23724 23748 23748 23736 23724 23760 23712 23760 23712 23736 23736 23736 23760 23724 23736 23724 23748 23736 23712 23736 23736 23736 23736 23736 23748 23712 23748 23760 23760 23760 23748 23736 23736 23736 23760 23760 23760 23736 23760 23760 23736 23700 23736 23760 23736 23760 23724 23736 23724 23748 23748 23736 23736 23712 23736 23748 23760 23760 23748 23736 23736 23712 23724 23724 23688 23772 23724 23736 23760 23760 23748 23736 23736 23748 23736 23760 23772 23748 23748 23724 23748 23772 23760 23736 23712 23724 23724 23724 23712 23760 23724 23736 23760 23748 23760 23736 23760 23736 23712 23748 23748 23724 23736 23712 23736 23724 23748 23736 23760 23712 23724 23772 23724 23736 23736 23724 23772 23724 23748 23724 23748 23748 23712 23760 23748 23748 23772 23712 23736 23736 23736 23772 23736 23724 23724 23760 23736 23772 23736 23724 23736 23736 23760 23772 23700 23736 23712 23748 23736 23712 23748 23712 23748 23772 23724 23736 23760 23712 23748 23748 23736 23724 23748 23748 23736 23736 23724 23748 23736 23736 23748 23772 23748 23736 23724 23724 23712 23760 23760 23712 23736 23736 23748 23748 23748 23736 23748 23724 0 0 0 0 0 0 0 0 0 0 ]
[ 24408 24408 24348 24360 24348 24360 24360 24360 24348 24360 24348 24360 24360 24384 24348 24372 24348 24360 24360 24360 24336 24336 24336 24372 24360 24348 24360 24348 24336 24372 24360 24336 24360 24348 24336 24348 24360 24336 24312 24360 24360 24348 24348 24360 24372 24360 24336 24360 24348 24372 24336 24360 24384 24336 24348 24348 24360 24348 24372 24360 24348 24336 24372 24384 24372 24324 24360 24348 24336 24360 24348 24360 24348 24360 24324 24372 24348 24348 24336 24372 24336 24384 24336 24360 24336 24384 24336 24384 24348 24348 24348 24360 24324 24336 24324 24372 24348 24336 24360 24360 24336 24372 24324 24360 24360 24372 24372 24360 24384 24360 24348 24372 24348 24336 24324 24360 24324 24348 24360 24348 24312 24372 24360 24360 24372 24360 24348 24348 24360 24348 24372 24348 24336 24372 24348 24336 24372 24348 24372 24372 24348 24372 24372 24360 24360 24360 24360 24360 24360 24360 24372 24360 24360 24348 24360 24348 24360 24360 24336 24348 24384 24336 24348 24348 24372 24336 24348 24360 24360 24336 24336 24372 24348 24348 24360 24372 24360 24348 24360 24348 24336 24372 24348 24360 24348 24360 24360 24336 24372 24336 24348 24372 24372 24348 24360 24372 24360 24348 24348 24372 0 0 0 0 0 0 0 0 0 0 ]
[ 19284 19332 19248 19296 19236 19224 19236 19248 19236 19272 19296 19248 19272 19284 19224 19272 19260 19296 19212 19272 19212 19272 19236 19236 19272 19248 19248 19296 19248 19284 19212 19260 19296 19248 19212 19260 19236 19260 19248 19272 19296 19248 19308 19236 19236 19248 19272 19260 19248 19272 19260 19272 19224 19248 19248 19296 19236 19260 19212 19284 19284 19212 19260 19272 19212 19236 19260 19260 19236 19260 19248 19272 19272 19224 19272 19200 19284 19260 19308 19236 19272 19248 19236 19272 19212 19260 19212 19284 19296 19248 19224 19260 19272 19236 19248 19248 19248 19272 19260 19260 19236 19272 19224 19296 19272 19308 19224 19260 19296 19236 19248 19284 19236 19248 19236 19260 19284 19236 19224 19308 19248 19248 19236 19248 19296 19260 19272 19284 19260 19284 19284 19248 19212 19224 19224 19260 19284 19248 19284 19248 19224 19248 19272 19248 19284 19236 19260 19236 19260 19260 19248 19260 19236 19224 19272 19260 19248 19248 19284 19224 19296 19284 19284 19248 19272 19272 19248 19260 19248 19224 19284 19260 19248 19236 19236 19260 19236 19284 19248 19248 19236 19272 19284 19248 19248 19248 19272 19284 19260 19224 19284 19236 19224 19296 19260 19236 19272 19272 19260 19260 0 0 0 0 0 0 0 0 0 0 ]
[ 15060 15084 14988 15036 15024 15084 15072 15060 15048 15072 15012 15024 15048 15072 15036 15096 15072 15048 15060 15084 15060 15072 14988 15060 15132 15084 15024 15048 15024 15000 15048 15108 15060 15024 15036 15072 15072 15036 15000 15048 15096 15012 15048 15072 15072 15048 15048 15072 15024 15036 15072 15084 15060 15024 15120 15048 15060 15072 15060 15072 15048 14964 15048 15036 15072 15000 15024 15036 15012 15048 15060 15108 15048 15060 15012 14988 15036 15048 15048 15072 15096 15036 15036 15024 15036 15084 15072 15060 15060 15012 15060 15060 15024 15084 15048 15072 15060 15012 14988 15036 15048 15060 15060 15036 15120 15084 15060 15012 15108 15072 15072 15012 15048 15072 15060 15012 15048 15072 15048 15036 15072 14988 15024 15060 15084 15036 15084 15024 15012 15000 15084 15012 15060 15036 14988 15072 15108 15072 15060 15084 15024 15036 15048 15096 15024 15048 15000 15060 15060 15060 15036 15036 15048 15036 15060 15096 15000 15072 15024 15036 15072 15012 15060 15096 15084 15048 15036 15048 15096 15060 15012 15012 15048 15072 15012 15024 15108 15024 15048 15072 14988 15024 15060 15060 15084 15048 15060 15012 15072 15048 15048 15084 15024 15120 15072 15036 15048 15012 15036 15096 0 0 0 0 0 0 0 0 0 0 ]
];
sensors_y = [
[ 2400 2388 2400 2376 2388 2376 2412 2400 2388 2388 2388 2400 2412 2388 2412 2400 2412 2400 2400 2376 2400 2376 2376 2376 2376 2388 2376 2388 2388 2352 2400 2400 2400 2400 2376 2376 2388 2424 2364 2376 2388 2400 2388 2376 2424 2400 2352 2400 2376 2376 2376 2376 2400 2412 2376 2400 2400 2376 2412 2400 2412 2388 2388 2424 2376 2376 2400 2388 2376 2376 2388 2376 2376 2400 2412 2388 2424 2364 2388 2376 2400 2376 2388 2400 2376 2388 2412 2376 2388 2412 2388 2400 2364 2388 2376 2400 2424 2388 2388 2388 2400 2376 2388 2400 2376 2412 2376 2400 2352 2376 2400 2388 2412 2388 2400 2424 2400 2364 2364 2376 2376 2424 2412 2388 2412 2400 2400 2412 2388 2412 2412 2412 2388 2388 2400 2400 2412 2364 2364 2376 2376 2424 2424 2388 2400 2412 2412 2424 2400 2340 2400 2388 2424 2424 2352 2340 2436 2400 2424 2388 2400 2400 2388 2424 2388 2388 2412 2400 2376 2400 2388 2388 2376 2388 2364 2388 2400 2412 2436 2388 2400 2400 2412 2364 2388 2424 2388 2388 2376 2376 2400 2424 2400 2400 2388 2388 2388 2400 2388 2412 0 0 0 0 0 0 0 0 0 0 ]
[ 1680 1656 1668 1656 1668 1680 1704 1680 1668 1680 1692 1680 1656 1656 1692 1668 1668 1656 1656 1704 1656 1656 1680 1668 1680 1668 1656 1668 1680 1644 1656 1680 1680 1668 1680 1668 1656 1680 1680 1680 1680 1668 1668 1680 1668 1656 1656 1680 1692 1668 1656 1656 1656 1680 1668 1668 1680 1644 1668 1680 1668 1656 1668 1656 1692 1620 1704 1668 1656 1680 1668 1680 1668 1656 1668 1644 1668 1644 1656 1692 1680 1656 1656 1656 1680 1656 1680 1680 1668 1692 1668 1656 1668 1656 1668 1644 1692 1680 1656 1680 1680 1668 1668 1656 1680 1668 1668 1656 1656 1680 1668 1668 1668 1656 1692 1680 1668 1644 1680 1668 1656 1644 1680 1680 1692 1656 1668 1668 1656 1668 1692 1692 1680 1644 1644 1656 1644 1704 1668 1668 1668 1692 1644 1680 1656 1656 1680 1680 1680 1680 1644 1656 1680 1668 1656 1668 1680 1680 1680 1668 1656 1656 1668 1668 1692 1704 1644 1680 1656 1656 1656 1668 1668 1668 1656 1644 1656 1668 1656 1644 1656 1668 1668 1680 1668 1680 1656 1680 1668 1632 1668 1668 1668 1668 1680 1668 1656 1692 1668 1644 0 0 0 0 0 0 0 0 0 0 ]
[ 2388 2388 2376 2376 2400 2424 2412 2448 2412 2424 2364 2400 2400 2364 2424 2376 2388 2400 2436 2376 2412 2376 2412 2316 2400 2352 2400 2376 2400 2388 2436 2412 2376 2424 2364 2388 2388 2364 2376 2352 2376 2400 2364 2388 2340 2352 2328 2436 2376 2400 2364 2400 2376 2376 2400 2376 2412 2340 2388 2388 2412 2352 2388 2400 2388 2388 2412 2364 2364 2364 2376 2400 2376 2400 2424 2376 2412 2364 2364 2412 2400 2376 2364 2352 2364 2388 2388 2364 2328 2400 2376 2412 2388 2364 2376 2448 2328 2424 2388 2412 2364 2388 2376 2352 2352 2364 2352 2364 2352 2412 2400 2412 2364 2400 2388 2376 2364 2340 2376 2388 2376 2400 2388 2400 2400 2388 2352 2364 2364 2412 2388 2376 2412 2376 2424 2388 2412 2400 2388 2376 2400 2400 2400 2376 2388 2388 2388 2436 2412 2388 2448 2340 2388 2400 2352 2364 2400 2376 2412 2400 2364 2364 2388 2376 2352 2376 2376 2364 2376 2448 2388 2364 2376 2388 2412 2388 2364 2388 2400 2400 2388 2376 2376 2400 2376 2388 2376 2340 2340 2328 2388 2412 2376 2376 2364 2388 2376 2424 2412 2388 0 0 0 0 0 0 0 0 0 0 ]
