sensors_x = [
[ 19032 18924 18948 18936 18924 18948 18336 18972 18960 18912 18912 18936 18960 18960 18936 18960 18960 18936 18960 18924 18972 18936 18948 18948 18948 18960 18960 18960 18948 18972 18948 18960 18960 18960 18948 18948 18960 18936 18960 18972 18960 18960 18960 18972 18960 18960 18948 18960 18972 18972 18936 18936 18972 18960 18972 18960 18948 18960 18984 18948 ]
[ 21060 20928 20964 20964 20952 20952 20580 20952 20976 20952 20964 20976 20988 20988 20952 20964 20976 20952 20988 20976 20964 20952 20952 20976 20976 20976 20988 20976 20988 21000 20964 20976 20988 20964 21000 20976 20988 20952 20952 20964 20952 20964 20988 20988 20976 20964 20952 20976 21012 20988 20976 20964 20964 20964 20964 21000 20988 20976 20988 20964 ]
[ 19200 19080 19104 19080 19104 19104 18480 19104 19104 19056 19068 19092 19140 19104 19080 19080 19092 19104 19104 19080 19104 19068 19092 19092 19104 19092 19092 19092 19092 19116 19092 19092 19104 19116 19104 19104 19116 19080 19092 19092 19104 19116 19080 19080 19104 19068 19080 19092 19104 19128 19080 19068 19104 19068 19104 19104 19104 19104 19104 19068 ]
[ 21072 20976 20928 20988 20964 20964 20568 20940 21012 20952 20964 20976 21000 20964 20976 20964 20988 20988 20964 20952 20988 20952 20964 20964 20976 20976 20976 20964 20976 21012 20976 20988 20976 20976 20964 20976 20988 20964 20976 20976 20976 20976 20988 20976 20964 20964 20964 20964 20988 20988 20964 20952 20988 20976 20988 20964 20976 20988 20988 20952 ]
];
sensors_y = [
[ 8352 8460 8460 8448 8460 8460 9264 8604 8472 8520 8520 8496 8472 8472 8496 8472 8472 8496 8496 8472 8460 8496 8484 8460 8460 8472 8472 8448 8460 8460 8484 8472 8448 8448 8460 8460 8448 8496 8472 8460 8472 8472 8472 8460 8448 8472 8496 8472 8460 8460 8472 8472 8460 8472 8460 8448 8460 8472 8448 8460 ]
[ 4956 5052 5076 5052 5064 5088 5772 5256 5088 5112 5100 5088 5076 5076 5112 5100 5088 5112 5100 5088 5100 5112 5112 5100 5064 5088 5076 5088 5076 5064 5100 5088 5076 5100 5064 5088 5076 5112 5112 5100 5112 5100 5100 5076 5088 5100 5112 5100 5064 5076 5088 5100 5100 5100 5100 5064 5076 5088 5076 5100 ]
[ 8088 8184 8208 8184 8220 8208 9024 8352 8232 8280 8268 8244 8196 8232 8256 8256 8232 8244 8256 8256 8232 8268 8244 8244 8208 8220 8220 8244 8220 8196 8244 8220 8208 8220 8232 8232 8220 8256 8244 8244 8232 8220 8256 8256 8232 8268 8256 8244 8232 8208 8256 8268 8232 8268 8232 8232 8232 8232 8232 8268 ]
[ 4824 4920 5004 4908 4932 4956 5664 5136 4956 4992 5004 4992 4920 4980 4992 4980 4956 4956 4980 4968 4956 4992 4956 4956 4944 4944 4944 4956 4944 4932 4968 4956 4944 4944 4968 4944 4956 4980 4992 4992 4968 4968 5004 4992 4956 5004 5004 4980 4956 4956 5004 4992 4968 4992 4980 4956 4944 4956 4956 4992 ]
];
house_keep = [
[ 36826 36828 36826 0 ]
[ 30852 30872 30875 0 ]
[ 36783 36783 36783 0 ]
[ 45354 45430 45487 0 ]
[ 45354 45430 45487 0 ]
];
config = [309 616 2 1 0 ]