sensors_x = [
[ 18852 18852 18852 18852 18852 18852 18852 18852 18840 18840 18852 18852 18852 18852 18840 18852 18852 18852 18852 18840 18852 18852 18852 18840 18852 18852 18840 18852 18840 18840 18840 18852 18828 18852 18852 18852 18828 18852 18852 18852 18852 18852 18852 18852 18852 18852 18852 18852 18852 18852 18852 18852 18852 18840 18852 18852 18852 18840 18852 18852 ]
[ 19248 19260 19260 19248 19248 19248 19248 19248 19248 19248 19248 19248 19248 19248 19248 19236 19248 19236 19248 19248 19236 19248 19248 19248 19248 19248 19236 19236 19248 19248 19248 19248 19248 19248 19236 19236 19236 19248 19248 19248 19248 19248 19248 19248 19248 19248 19248 19248 19248 19248 19248 19248 19248 19260 19248 19248 19248 19248 19248 19248 ]
[ 13572 13584 13572 13572 13572 13572 13572 13572 13572 13572 13572 13560 13572 13572 13560 13560 13572 13572 13572 13572 13560 13572 13572 13548 13572 13572 13572 13536 13572 13548 13548 13572 13572 13572 13560 13572 13572 13572 13572 13572 13572 13572 13572 13572 13584 13584 13584 13572 13572 13572 13572 13572 13572 13572 13572 13572 13572 13572 13560 13584 ]
[ 6816 6840 6816 6816 6816 6852 6828 6828 6816 6828 6816 6804 6876 6840 6816 6816 6828 6828 6816 6840 6852 6852 6828 6828 6852 6840 6828 6864 6840 6852 6888 6816 6840 6828 6828 6840 6816 6852 6828 6852 6816 6828 6852 6888 6816 6888 6888 6852 6852 6852 6912 6840 6828 6864 6852 6840 6816 6888 6864 6828 ]
];
sensors_y = [
[ 5628 5628 5628 5628 5628 5628 5628 5628 5640 5640 5628 5628 5628 5628 5652 5628 5628 5628 5628 5640 5628 5628 5628 5640 5628 5628 5640 5628 5640 5640 5640 5628 5652 5628 5628 5628 5652 5628 5628 5628 5640 5628 5628 5628 5628 5628 5628 5628 5628 5628 5628 5628 5628 5616 5628 5628 5628 5616 5628 5628 ]
[ 1992 1980 1980 1992 1992 1992 1992 1992 1992 1992 1992 1992 1992 1992 1992 2004 1992 2004 1992 1992 2004 1992 1992 1992 1992 1992 2004 2004 1992 1992 2004 2004 1992 2004 2004 2004 2004 1992 1992 1992 1992 1992 1992 1992 1992 1992 1992 1992 1992 1992 1992 1992 1992 1980 1992 1992 1992 1968 1992 1992 ]
[ 2796 2808 2796 2796 2796 2796 2796 2796 2796 2796 2796 2808 2820 2796 2832 2808 2796 2796 2796 2796 2832 2796 2796 2820 2796 2796 2796 2832 2796 2832 2820 2796 2796 2796 2808 2796 2796 2796 2796 2796 2796 2796 2796 2796 2808 2808 2808 2796 2796 2796 2796 2796 2796 2796 2796 2796 2796 2772 2784 2808 ]
[ 64984 64960 64984 64984 64996 65020 64996 64972 64984 64996 64984 64924 64948 64972 64984 64984 64972 64972 64984 64984 64996 64996 64972 64984 65020 64936 64972 64912 64960 64972 65056 64984 64984 64996 64996 64984 64984 64948 64972 64960 64984 64948 64972 64960 64912 64936 64936 64996 64948 64948 64984 65008 64996 64912 64948 64984 64984 64936 65008 64972 ]
];
house_keep = [
[ 38970 38967 38973 0 ]
[ 32663 32663 32664 0 ]
[ 38953 38952 38950 0 ]
[ 48897 48985 49054 0 ]
[ 48897 48985 49054 0 ]
];
config = [309 616 2 1 0 ]