sensors_x = [
[ 18900 18924 18924 18888 18924 18900 18888 18900 18900 18888 18888 18888 18876 18888 18888 18888 18888 18888 18900 18888 18888 18888 18888 18888 18912 18876 18888 18888 18888 18888 18888 18888 18888 18888 18888 18888 18876 18876 18876 18888 18876 18864 18888 18888 18888 18888 18888 18888 18888 18888 18888 18888 18888 18888 18888 18888 18840 18888 18888 18888 ]
[ 19248 19248 19260 19260 19248 19260 19260 19248 19248 19236 19272 19248 19260 19248 19248 19260 19260 19248 19248 19248 19248 19248 19236 19248 19248 19248 19248 19248 19248 19236 19260 19248 19248 19248 19248 19248 19248 19248 19248 19248 19248 19248 19248 19248 19248 19248 19248 19248 19248 19236 19248 19236 19248 19236 19248 19248 19224 19236 19236 19248 ]
[ 13620 13620 13632 13632 13632 13632 13620 13632 13632 13620 13620 13620 13620 13608 13620 13620 13608 13620 13620 13608 13620 13608 13620 13608 13620 13608 13608 13620 13608 13620 13620 13620 13620 13608 13608 13608 13608 13608 13608 13608 13608 13608 13608 13608 13608 13608 13608 13608 13608 13608 13608 13596 13608 13608 13596 13608 13620 13596 13608 13608 ]
[ 6852 6876 6852 6852 6936 6864 6864 6852 6852 6864 6888 6876 6912 6876 6864 6852 6852 6852 6852 6852 6852 6852 6864 6876 6864 6864 6864 6864 6864 6852 6852 6936 6876 6912 6876 6852 6900 6888 6912 6864 6864 6876 6876 6876 6864 6876 6876 6852 6876 6876 6876 6876 6876 6876 6900 6840 6888 6876 6876 6876 ]
];
sensors_y = [
[ 5508 5484 5484 5520 5484 5508 5520 5508 5508 5520 5520 5520 5532 5520 5520 5520 5520 5520 5508 5520 5520 5520 5520 5520 5496 5532 5520 5520 5520 5520 5520 5520 5532 5520 5520 5520 5532 5532 5532 5520 5532 5544 5520 5520 5520 5520 5520 5520 5520 5520 5520 5532 5520 5520 5520 5520 5568 5520 5520 5520 ]
[ 1800 1800 1788 1788 1800 1812 1812 1800 1800 1836 1824 1824 1812 1848 1848 1836 1836 1836 1824 1848 1848 1848 1836 1848 1824 1848 1848 1848 1848 1836 1836 1848 1848 1848 1848 1848 1848 1848 1848 1848 1848 1848 1848 1848 1848 1848 1848 1848 1848 1860 1848 1860 1848 1860 1860 1848 1872 1860 1860 1848 ]
[ 2700 2700 2688 2688 2688 2688 2700 2688 2688 2700 2700 2700 2700 2712 2700 2700 2712 2700 2700 2712 2700 2712 2700 2712 2700 2712 2712 2700 2712 2700 2712 2700 2700 2712 2712 2712 2712 2712 2712 2712 2712 2712 2712 2712 2712 2712 2712 2712 2712 2712 2712 2724 2712 2712 2724 2712 2748 2724 2712 2712 ]
[ 64924 64924 64900 64900 64912 64912 64912 64900 64900 64912 64912 64924 64936 64924 64912 64900 64900 64900 64900 64900 64900 64900 64912 64924 64912 64912 64912 64912 64912 64900 64900 64936 64924 64936 64924 64900 64876 64924 64816 64900 64912 64924 64924 64924 64912 64924 64924 64900 64924 64924 64924 64924 64924 64924 64852 64972 64936 64924 64924 64924 ]
];
house_keep = [
[ 38964 38966 38964 0 ]
[ 32660 32663 32657 0 ]
[ 38948 38948 38946 0 ]
[ 49195 49275 49355 0 ]
[ 49195 49275 49355 0 ]
];
config = [309 616 2 1 0 ]