sensors_x = [
[ 18744 18744 18732 18732 18744 18732 18732 18732 18744 18744 18732 18744 18744 18732 18720 18720 18720 18732 18720 18720 18720 18720 18732 18720 18732 18732 18732 18732 18732 18732 18720 18720 18732 18744 18732 18732 18756 18744 18732 18744 18744 18744 18732 18744 18744 18756 18768 18756 18744 18756 18756 18780 18768 18756 18756 18768 18756 18756 18768 18744 ]
[ 19152 19140 19152 19152 19152 19152 19164 19152 19164 19188 19188 19188 19188 19188 19188 19188 19188 19212 19212 19212 19212 19188 19188 19188 19176 19188 19176 19176 19176 19176 19176 19176 19176 19176 19164 19176 19188 19188 19188 19188 19188 19188 19164 19188 19188 19176 19188 19188 19188 19188 19188 19188 19188 19188 19188 19200 19200 19200 19200 19188 ]
[ 13380 13392 13428 13416 13452 13440 13428 13440 13440 13476 13464 13452 13476 13476 13404 13428 13476 13476 13476 13476 13464 13476 13476 13476 13404 13476 13476 13464 13488 13464 13476 13476 13476 13476 13488 13476 13476 13476 13464 13452 13500 13488 13452 13464 13476 13476 13476 13440 13476 13476 13512 13488 13476 13524 13500 13572 13512 13500 13512 13500 ]
[ 6804 6816 6828 6828 6852 6816 6816 6828 6816 6852 6828 6840 6852 6804 6756 6780 6852 6840 6852 6864 6852 6888 6864 6828 6804 6816 6864 6852 6864 6864 6816 6864 6840 6888 6888 6864 6852 6840 6852 6876 6876 6900 6792 6840 6876 6864 6852 6840 6876 6840 6852 6888 6876 6840 6840 6852 6852 6840 6852 6864 ]
];
sensors_y = [
[ 5952 5952 5940 5940 5952 5940 5940 5940 5928 5940 5916 5928 5928 5916 5904 5904 5904 5892 5904 5904 5904 5904 5892 5904 5868 5892 5868 5868 5868 5892 5880 5880 5868 5856 5868 5868 5844 5868 5868 5856 5856 5856 5868 5856 5856 5820 5832 5820 5856 5820 5844 5796 5832 5844 5820 5784 5820 5820 5832 5832 ]
[ 2400 2388 2376 2376 2376 2376 2364 2376 2364 2340 2340 2340 2340 2340 2340 2340 2340 2316 2316 2316 2316 2292 2292 2292 2280 2292 2280 2280 2280 2280 2280 2280 2280 2256 2268 2280 2244 2244 2244 2244 2220 2244 2244 2244 2244 2232 2220 2220 2220 2220 2220 2220 2220 2220 2220 2184 2196 2208 2208 2196 ]
[ 3108 3096 3072 3072 3060 3072 3060 3072 3072 3060 3060 3060 3060 3060 3036 3012 3060 3060 3060 3060 3048 3060 3060 3060 2988 3060 3036 3048 3048 3048 3036 3036 3036 3036 3024 3036 3036 3036 3024 3012 2964 3024 3036 3024 3036 3036 3012 2976 3036 3012 3000 3024 2988 2988 2988 2916 2928 2940 2928 3012 ]
[ 65224 65200 65188 65188 65164 65200 65200 65188 65200 65164 65152 65152 65164 65188 65164 65164 65164 65176 65164 65164 65164 65140 65152 65092 65128 65128 65128 65140 65152 65128 65128 65152 65128 65128 65140 65152 65068 65080 65092 65116 65092 65116 65128 65080 65116 65104 65092 65080 65116 65080 65092 65104 65116 65080 65080 65044 65068 65080 65092 65092 ]
];
house_keep = [
[ 38980 38974 38972 0 ]
[ 32672 32669 32669 0 ]
[ 38959 38954 38956 0 ]
[ 48455 48553 48655 0 ]
[ 48455 48553 48655 0 ]
];
config = [309 616 2 1 0 ]