sensors_x = [
[ 1140 204 756 432 324 816 660 756 732 900 756 276 972 324 636 900 984 756 1032 936 660 552 624 1260 768 840 816 636 744 708 1188 1188 744 948 588 732 612 828 516 816 996 492 228 576 504 1128 540 576 840 804 312 64960 552 24 252 65512 228 65464 24 228 636 480 65272 65176 1104 624 468 65224 65488 65500 204 65224 65380 65056 65512 456 64840 65140 65488 0 108 64816 65056 228 64636 156 65164 65200 65404 64852 64984 65320 12 65428 65464 64720 65380 65452 65044 64372 65356 64768 65236 65140 64396 64432 65200 65080 65152 64588 64828 64876 64756 64780 64936 64684 65044 64972 64288 64420 ]
[ 57784 57808 57796 57916 57952 57916 57976 57988 58132 57976 58072 57976 58192 58192 58228 58240 58252 58360 58288 58420 58336 58336 58600 58516 58576 58624 58636 58624 58684 58600 58672 58708 58840 58900 58840 58876 58924 58912 58984 58984 59200 59080 59092 58996 58960 58984 59080 58984 58852 59068 59032 58948 58912 58936 58936 58780 58756 58660 58600 58576 58528 58408 58504 58240 58240 58168 58072 58072 58000 57916 58024 57880 57784 57868 57904 57796 57772 57748 57808 57820 57832 57736 57724 57676 57604 57604 57472 57508 57412 57292 57508 57580 57592 57640 57568 57508 57556 57496 57520 57400 57364 57268 57220 57112 57172 56992 56932 57064 57004 57016 56800 56896 56812 56656 56692 56728 56488 56560 56476 56560 ]
[ 24 65260 228 65020 65368 63700 1008 372 2340 1320 1152 64276 64684 300 64240 2088 600 65296 65512 3552 180 65524 492 480 180 65272 2724 1524 63508 468 61876 1476 984 65080 1056 720 708 660 816 720 900 828 912 552 2004 65476 1212 552 660 564 876 384 312 540 588 420 324 372 252 276 252 12 156 65500 132 65188 65440 65320 65212 65152 65200 65128 64900 65008 64984 65044 64888 64840 64960 64948 64924 64984 64816 64852 64768 64780 64660 64888 63916 64480 64156 61444 65368 65404 63700 63808 64300 61864 64096 64156 64132 64204 63748 63892 63712 63664 63700 63652 63604 63316 63412 63412 63244 63484 63304 63172 63112 63028 63304 63772 ]
[ 1176 792 888 804 876 1056 972 1176 1044 1044 996 1116 1308 1116 996 1104 1248 984 1284 1056 1332 1140 1044 1608 1212 1464 1092 1128 1056 1488 1140 1440 840 1428 1176 1296 1236 1296 1332 984 1248 1188 1080 1176 1272 564 1116 1152 624 804 1116 852 732 972 984 708 756 852 744 912 636 48 360 576 204 828 756 492 576 576 312 300 384 204 65440 300 144 65500 65488 72 396 60 65356 96 65308 65464 65068 65404 65368 65356 65236 144 65212 65440 65356 65320 65104 64744 65224 65008 64840 65092 65296 65236 65224 64996 64696 64960 64504 64348 64852 64420 64384 64672 64648 64624 64468 64408 64456 64252 ]
];
sensors_y = [
[ 64348 64828 64228 65512 65116 65248 64708 64228 65428 64444 64948 65404 64972 64828 64972 64876 64696 64804 64672 64696 65092 65056 64960 65092 65032 216 65200 65092 65236 65428 65308 65524 228 65452 84 396 64804 564 396 612 540 372 684 65464 480 120 65500 288 48 180 120 65440 65440 528 708 744 1308 672 840 660 204 384 744 624 36 264 852 408 0 180 1128 600 900 288 144 552 240 120 600 840 348 312 168 12 492 1188 612 64984 65452 65092 65320 192 65524 468 744 65344 84 924 300 780 65404 65440 708 540 660 264 72 65296 65296 180 84 12 612 65236 408 65452 540 65236 204 65260 ]
[ 55120 55192 55228 55156 55336 55204 55312 55252 55108 55432 55264 55240 55312 55396 55276 55360 55396 55456 55336 55396 55432 55552 55408 55420 55408 55408 55348 55528 55444 55648 55600 55540 55540 55372 55672 55684 55636 55768 55744 55912 55528 55744 55780 55744 55696 55456 55888 55720 55780 55780 55936 55852 56176 56056 56056 56236 56152 56212 56248 56368 56320 56344 56392 56368 56440 56584 56464 56512 56464 56536 56656 56728 56656 56596 56608 56620 56620 56644 56776 56716 56704 56776 56788 56716 56740 56908 56920 56572 56572 57076 56908 56164 56992 56776 56896 56908 56956 57016 56896 56944 56980 57052 56956 56896 56884 56668 56764 56800 56764 56728 56488 56536 56668 56680 56440 56392 56200 56152 56116 56248 ]
[ 63784 63820 64156 63580 64888 64588 936 64228 61060 3816 63664 62356 64708 0 59248 61936 63832 600 63208 64912 63820 63868 65452 64120 62284 64336 64468 3612 64324 62884 4020 684 64864 72 64816 64696 64612 64756 64768 64840 64780 64924 65440 64552 65188 64612 444 64864 65092 64684 65116 64960 65248 65284 65380 65452 65476 65476 65476 12 132 156 60 276 12 420 168 96 324 288 360 168 396 384 312 540 360 504 336 348 372 384 384 444 432 468 588 65056 64852 384 300 63652 360 64876 65116 65464 65356 2292 360 1068 36 60 156 36 144 0 300 65500 132 84 65284 84 144 65464 64960 65164 64624 204 65104 64900 ]
[ 64264 64480 64576 64468 64492 64624 64468 64576 64564 64780 64804 64732 64828 64588 64636 64504 64864 64864 64828 65332 64900 65284 64900 65308 64924 65224 64852 65008 65080 64888 65260 65296 64984 65308 192 65008 132 48 132 384 360 216 192 96 384 60 65500 336 72 180 588 444 684 780 672 780 660 660 1008 1104 924 1032 816 960 1380 876 1404 876 1152 1056 1140 1380 960 828 1080 948 864 804 1224 696 900 1224 1284 720 900 960 996 876 1128 972 996 648 972 1272 1212 960 1128 912 936 1200 1152 708 1128 1140 1032 1020 1176 672 720 1116 732 756 744 864 936 744 828 792 888 732 ]
];
house_keep = [
[ 44714 44716 44708 44706 44702 44698 44698 0 ]
[ 32645 32644 32646 32644 32641 32645 32642 0 ]
[ 65185 65183 65178 65181 65173 65174 65173 0 ]
[ 24948 25046 25173 25285 25360 25476 25550 0 ]
[ 24948 25046 25173 25285 25360 25476 25550 0 ]
];
config = [309 616 2 1 0 ]