sensors_x = [
[ 51484 51592 51244 51184 51244 51316 51256 51184 51340 51244 51292 51460 51124 51412 51328 51244 51436 51184 51436 51280 50776 51328 51076 51544 51736 51052 51268 51580 51460 50956 51748 51568 51628 51292 51160 51280 51784 51148 51304 51928 51532 51244 51412 51100 51484 50944 51388 51652 51592 51388 51304 51712 51304 51520 51436 51520 51508 51328 51772 51652 51724 51736 51568 51508 51448 51484 51460 51796 51460 51424 52012 51568 51340 51328 51544 51676 51436 51364 51652 51436 51472 51184 51508 51172 51760 51232 51388 51328 51412 51244 51448 51352 51304 51508 51412 51136 51640 51196 51412 51592 0 0 0 0 0 ]
[ 54544 54700 54832 54988 55060 55180 55252 55324 55396 55456 55492 55528 55576 55588 55624 55672 55684 55696 55720 55744 55756 55780 55780 55768 55816 55804 55804 55816 55828 55840 55840 55852 55852 55852 55852 55864 55876 55876 55852 55864 55876 55876 55876 55876 55876 55876 55876 55864 55888 55900 55888 55876 55888 55888 55876 55888 55960 55876 55864 55900 55900 55888 55900 55888 55900 55888 55900 55888 55900 55900 55900 55900 55900 55900 55888 55900 55888 55888 55900 55888 55888 55888 55900 55888 55888 55888 55888 55912 55888 55900 55900 55900 55888 55888 55888 55876 55888 55900 55876 55876 0 0 0 0 0 ]
[ 55804 55912 55984 56044 56104 56140 56164 56188 56212 56224 56236 56236 56236 56236 56236 56236 56236 56236 56236 56236 56236 56236 56236 56236 56236 56236 56236 56236 56236 56236 56236 56236 56236 56236 56236 56236 56236 56236 56236 56236 56236 56236 56236 56236 56236 56236 56236 56236 56236 56236 56236 56236 56236 56236 56236 56236 56236 56236 56236 56236 56236 56236 56236 56236 56236 56236 56236 56236 56236 56236 56236 56236 56236 56236 56236 56236 56236 56236 56236 56236 56236 56236 56236 56236 56236 56236 56236 56236 56236 56236 56236 56236 56236 56236 56236 56236 56236 56236 56236 56236 0 0 0 0 0 ]
[ 52012 51880 52072 51880 52084 51760 51964 52072 52036 51832 51832 51976 52096 52144 52000 52000 52084 51832 52156 52108 51964 51820 51268 52336 52216 51964 52336 51856 51964 52096 51928 51772 51712 51628 51940 51748 51568 51664 51748 52024 51448 51580 52048 51952 52072 52324 52000 51880 51628 51964 51904 51832 51808 52000 52084 52864 51856 52024 51856 51748 52264 52336 51748 51676 51580 51484 51724 51676 51460 51892 51712 51664 51988 51736 51808 51568 51640 51952 52228 51928 51592 51976 52576 51808 52156 52084 51556 51880 51772 52360 52108 52084 52132 51916 52384 52108 52252 52168 51676 51760 0 0 0 0 0 ]
];
sensors_y = [
[ 48748 48640 48988 49048 48988 48916 48976 49048 48892 48988 48940 48772 49108 48820 48904 48988 48796 49048 48796 48952 49468 48904 49156 48688 48496 49180 48964 48652 48772 49276 48484 48664 48604 48940 49072 48952 48448 49084 48940 48304 48700 49000 48820 49132 48748 49288 48856 48580 48640 48844 48928 48520 48928 48712 48796 48712 48724 48904 48460 48580 48508 48496 48664 48724 48784 48748 48772 48436 48772 48820 48220 48664 48892 48904 48688 48556 48796 48868 48580 48796 48772 49048 48724 49060 48472 49000 48844 48904 48820 48988 48784 48880 48928 48724 48820 49096 48592 49036 48820 48640 0 0 0 0 0 ]
[ 45688 45532 45400 45256 45172 45052 44980 44908 44836 44776 44740 44704 44656 44644 44608 44560 44548 44536 44512 44488 44476 44452 44452 44464 44416 44428 44428 44416 44404 44392 44392 44380 44380 44380 44380 44368 44356 44356 44380 44368 44356 44356 44356 44356 44356 44356 44356 44368 44344 44332 44344 44356 44344 44344 44356 44344 44272 44356 44368 44332 44332 44344 44332 44344 44332 44344 44332 44344 44332 44332 44332 44332 44332 44332 44344 44332 44344 44344 44332 44344 44344 44344 44332 44344 44344 44344 44344 44320 44344 44332 44332 44332 44344 44356 44344 44356 44344 44332 44356 44356 0 0 0 0 0 ]
[ 44428 44320 44248 44188 44128 44092 44068 44044 44020 44008 43996 43996 43996 43996 43996 43996 43996 43996 43996 43996 43996 43996 43996 43996 43996 43996 43996 43996 43996 43996 43996 43996 43996 43996 43996 43996 43996 43996 43996 43996 43996 43996 43996 43996 43996 43996 43996 43996 43996 43996 43996 43996 43996 43996 43996 43996 43996 43996 43996 43996 43996 43996 43996 43996 43996 43996 43996 43996 43996 43996 43996 43996 43996 43996 43996 43996 43996 43996 43996 43996 43996 43996 43996 43996 43996 43996 43996 43996 43996 43996 43996 43996 43996 43996 43996 43996 43996 43996 43996 43996 0 0 0 0 0 ]
[ 50572 50272 50344 50224 50452 50464 50452 50152 50308 50392 50200 50248 50224 50056 50296 50032 50416 50368 50356 50284 50236 50236 51508 50032 50104 50068 49888 50008 50212 50104 50440 50332 50536 50236 50380 50716 50680 50512 50692 49936 51136 50764 50224 50008 50140 49732 50104 50536 50404 50380 50392 50488 50344 50224 50116 49864 50416 50536 50800 50716 49840 50416 50380 50452 50668 50164 50548 50788 50500 50308 50848 51016 50452 50584 50512 50704 50668 50368 50512 50608 50584 50872 50572 50392 50524 50356 50644 50584 49948 50512 50308 51148 50164 50140 49960 50116 50236 50596 50080 50896 0 0 0 0 0 ]
];
house_keep = [
[ 44485 44490 44496 44495 44494 44498 0 ]
[ 32626 32570 32640 32634 32640 32640 0 ]
[ 65170 65171 65170 65169 65169 65165 0 ]
[ 25875 25932 26009 26074 26120 26173 0 ]
[ 25875 25932 26009 26074 26120 26173 0 ]
];
config = [309 616 2 1 0 ]