sensors_x = [
[ 51040 51520 51412 51196 51304 51208 50920 51448 51244 51388 51256 51148 51376 51376 51040 51484 51460 51076 51292 51172 51436 51724 51544 51208 51112 51592 51292 51472 51568 51556 51784 51652 51412 51676 51460 51280 51592 51604 51760 51268 51664 51628 51532 51892 51508 51628 51724 51352 51376 51544 51448 51748 51424 51544 51508 51424 51448 51460 51292 51124 51460 51412 51340 51256 51448 51472 51628 51208 51508 51268 51316 51460 50980 51592 51388 51052 51292 51436 51244 51220 51400 51424 51640 51244 51304 51400 51448 51364 51388 51568 51520 51136 51316 51820 51220 51568 51172 51124 51124 51136 0 0 0 0 0 ]
[ 54580 54724 54868 54976 55072 55192 55264 55324 55396 55468 55504 55552 55600 55612 55636 55660 55696 55720 55720 55756 55768 55780 55792 55804 55804 55828 55828 55840 55864 55852 55852 55864 55852 55876 55876 55876 55876 55888 55888 55888 55888 55888 55876 55876 55876 55888 55888 55876 55876 55876 55888 55888 55876 55888 55900 55900 55888 55900 55888 55900 55888 55876 55888 55888 55888 55888 55888 55888 55900 55888 55900 55888 55888 55888 55900 55876 55912 55900 55888 55900 55888 55900 55900 55900 55888 55900 55888 55888 55900 55900 55888 55900 55888 55900 55888 55888 55900 55900 55888 55888 0 0 0 0 0 ]
[ 55816 55900 55984 56044 56104 56140 56164 56188 56212 56224 56236 56236 56236 56236 56236 56236 56236 56236 56236 56236 56236 56236 56236 56236 56236 56236 56236 56236 56236 56236 56236 56236 56236 56236 56236 56236 56236 56236 56236 56236 56236 56236 56236 56236 56236 56236 56236 56236 56236 56236 56236 56236 56236 56236 56236 56236 56236 56236 56236 56236 56236 56236 56236 56236 56236 56236 56236 56236 56236 56236 56236 56236 56236 56236 56236 56236 56236 56236 56236 56236 56236 56236 56236 56236 56236 56236 56236 56236 56236 56236 56236 56236 56236 56236 56236 56236 56236 56236 56236 56236 0 0 0 0 0 ]
[ 52012 51844 51928 52348 52504 51832 51388 52156 52276 51796 52012 52324 51964 52204 52468 51532 52036 52408 52036 52336 52000 51676 52492 52096 51748 51820 51892 52396 52120 51808 52132 51892 52060 51952 52084 52372 51928 51988 51772 51520 51520 51796 51688 52060 52252 51784 51916 51796 52612 51904 51856 51676 51892 52000 52324 51652 51928 51844 51808 51952 52108 52072 52156 51604 51952 51964 52144 52000 52132 52120 51940 51988 51988 52096 51952 51856 52120 52036 52168 52156 52036 51868 52168 51988 52060 52108 52060 52864 52048 52228 51448 52252 52132 51736 52396 52060 52024 52108 51880 51976 0 0 0 0 0 ]
];
sensors_y = [
[ 49192 48712 48820 49036 48928 49024 49312 48784 48988 48844 48976 49084 48856 48856 49192 48748 48772 49156 48940 49060 48796 48508 48688 49024 49120 48640 48940 48760 48664 48676 48448 48580 48820 48556 48772 48952 48640 48628 48472 48964 48568 48604 48700 48340 48724 48604 48508 48880 48856 48688 48784 48484 48808 48688 48724 48808 48784 48772 48940 49108 48784 48820 48892 48976 48784 48760 48604 49024 48724 48964 48916 48772 49252 48640 48844 49180 48940 48796 48988 49012 48832 48808 48592 48988 48928 48832 48784 48868 48844 48664 48712 49096 48916 48412 49012 48664 49060 49108 49108 49096 0 0 0 0 0 ]
[ 45652 45508 45364 45256 45160 45040 44968 44908 44836 44764 44728 44680 44632 44620 44596 44572 44536 44512 44512 44476 44464 44452 44440 44428 44428 44404 44404 44392 44368 44380 44380 44368 44380 44356 44356 44356 44356 44344 44344 44344 44344 44344 44356 44356 44356 44344 44344 44356 44356 44356 44344 44344 44356 44344 44332 44332 44344 44332 44344 44332 44344 44356 44344 44344 44344 44344 44344 44344 44332 44344 44332 44344 44344 44344 44332 44356 44320 44332 44344 44332 44344 44332 44332 44332 44344 44332 44344 44344 44332 44332 44344 44332 44344 44332 44344 44344 44332 44332 44344 44344 0 0 0 0 0 ]
[ 44416 44332 44248 44188 44128 44092 44068 44044 44020 44008 43996 43996 43996 43996 43996 43996 43996 43996 43996 43996 43996 43996 43996 43996 43996 43996 43996 43996 43996 43996 43996 43996 43996 43996 43996 43996 43996 43996 43996 43996 43996 43996 43996 43996 43996 43996 43996 43996 43996 43996 43996 43996 43996 43996 43996 43996 43996 43996 43996 43996 43996 43996 43996 43996 43996 43996 43996 43996 43996 43996 43996 43996 43996 43996 43996 43996 43996 43996 43996 43996 43996 43996 43996 43996 43996 43996 43996 43996 43996 43996 43996 43996 43996 43996 43996 43996 43996 43996 43996 43996 0 0 0 0 0 ]
[ 50044 50128 50416 49396 50224 50464 50860 50092 49876 50524 50692 50596 50044 49900 50380 50284 50236 50488 50332 50056 49960 50740 50068 49984 50548 50356 50140 49876 50200 50536 50236 50140 50092 50356 50140 49972 50152 49996 50500 50488 50608 50404 50536 50116 49996 50056 50212 50332 49588 50440 50488 50668 50236 50368 50284 50500 50032 50524 50344 50440 50428 50176 50092 50380 50248 50212 50056 50440 50164 50080 50284 50404 50332 49996 50344 50536 50344 50380 50272 50332 50044 50236 49984 50236 49972 50044 50140 49648 50032 50260 50824 50284 50308 49840 50248 50356 50344 50128 50128 50140 0 0 0 0 0 ]
];
house_keep = [
[ 44452 44462 44466 44465 44469 44474 0 ]
[ 32539 32642 32641 32637 32626 32622 0 ]
[ 65171 65175 65177 65170 65175 65173 0 ]
[ 25469 25529 25624 25722 25780 25863 0 ]
[ 25469 25529 25624 25722 25780 25863 0 ]
];
config = [309 616 2 1 0 ]