sensors_x = [
[ 51724 51880 51604 51268 51556 51388 51436 51724 51472 51688 51664 51448 51448 51628 51688 51388 51712 51664 51688 51364 51508 51448 51544 51544 51580 51064 51400 51448 51400 51208 51448 51688 51352 51436 51148 51448 50968 51400 51688 51664 51592 51316 51388 51664 51532 51712 51376 51676 51244 51352 51556 51592 51316 51496 51424 51244 51424 51232 51184 51364 51160 51316 51112 51256 51232 51220 51544 51268 51004 51232 51184 51232 51016 51196 51124 51052 51016 51496 51712 51280 51184 51568 51484 51556 51580 51676 51640 51472 51772 51628 51724 51676 51316 51808 51508 51688 51652 51856 51700 51472 0 0 0 0 0 ]
[ 54580 54748 54868 54976 55084 55168 55288 55336 55408 55456 55504 55552 55576 55600 55624 55672 55696 55708 55720 55756 55768 55768 55780 55804 55816 55816 55816 55816 55828 55828 55840 55840 55828 55852 55864 55852 55864 55840 55852 55852 55864 55864 55876 55864 55864 55876 55864 55864 55876 55876 55888 55876 55876 55864 55876 55888 55864 55864 55876 55864 55888 55876 55888 55888 55876 55888 55888 55888 55888 55900 55888 55876 55900 55900 55888 55876 55888 55888 55888 55888 55900 55888 55900 55900 55900 55888 55888 55900 55924 55912 55912 55912 55900 55888 55888 55888 55900 55876 55912 55900 0 0 0 0 0 ]
[ 55888 55972 56044 56092 56140 56176 56200 56224 56236 56236 56236 56236 56236 56236 56236 56236 56236 56236 56236 56236 56236 56236 56236 56236 56236 56236 56236 56236 56236 56236 56236 56236 56236 56236 56236 56236 56236 56236 56236 56236 56236 56236 56236 56236 56236 56236 56236 56236 56236 56236 56236 56236 56236 56236 56236 56236 56236 56236 56236 56236 56236 56236 56236 56236 56236 56236 56236 56236 56236 56236 56236 56236 56236 56236 56236 56236 56236 56236 56236 56236 56236 56236 56236 56236 56236 56236 56236 56236 56236 56236 56236 56236 56236 56236 56236 56236 56236 56236 56236 56236 0 0 0 0 0 ]
[ 51400 51604 52780 51616 51904 51448 52048 52000 52096 51604 51712 52084 52024 51880 51856 51904 52060 51808 52036 51952 51652 51976 51604 51376 51868 51532 51700 51556 51760 52228 52204 51784 51568 51772 51988 52024 51700 51928 51928 51796 51592 51964 51856 51892 52384 51736 52024 52132 52036 51964 51856 51916 51928 51964 51736 52108 51904 52024 52348 52324 51940 51856 52252 51952 52144 52060 52444 52648 52024 52024 52132 51832 51832 52048 51976 51796 52216 52048 51796 51928 51316 52252 51892 51808 51832 52252 52024 52000 52012 51292 52204 51796 51880 51760 51868 51628 51532 51664 52444 51568 0 0 0 0 0 ]
];
sensors_y = [
[ 48508 48352 48628 48976 48676 48844 48796 48508 48760 48544 48568 48784 48784 48604 48544 48844 48520 48568 48544 48868 48724 48784 48688 48688 48652 49168 48832 48784 48832 49024 48784 48544 48880 48796 49084 48784 49264 48832 48544 48568 48640 48916 48844 48568 48700 48520 48856 48556 49000 48880 48676 48640 48916 48736 48808 48988 48808 49000 49048 48868 49072 48916 49120 48976 49000 49012 48688 48964 49228 49000 49048 49000 49216 49036 49108 49180 49216 48736 48520 48952 49048 48664 48748 48676 48652 48556 48592 48760 48460 48604 48508 48556 48916 48424 48724 48544 48580 48376 48532 48760 0 0 0 0 0 ]
[ 45652 45484 45364 45256 45148 45064 44944 44896 44824 44776 44728 44680 44656 44632 44608 44560 44536 44524 44512 44476 44464 44464 44452 44428 44416 44416 44416 44416 44404 44404 44392 44392 44404 44380 44368 44380 44368 44392 44380 44380 44368 44368 44356 44368 44368 44356 44368 44368 44356 44356 44344 44356 44356 44368 44356 44344 44368 44368 44356 44368 44344 44356 44344 44344 44356 44344 44344 44344 44344 44332 44344 44356 44332 44332 44344 44356 44344 44344 44344 44344 44332 44344 44332 44332 44332 44344 44344 44332 44308 44320 44320 44320 44332 44344 44344 44344 44332 44356 44320 44332 0 0 0 0 0 ]
[ 44344 44260 44188 44140 44092 44056 44032 44008 43996 43996 43996 43996 43996 43996 43996 43996 43996 43996 43996 43996 43996 43996 43996 43996 43996 43996 43996 43996 43996 43996 43996 43996 43996 43996 43996 43996 43996 43996 43996 43996 43996 43996 43996 43996 43996 43996 43996 43996 43996 43996 43996 43996 43996 43996 43996 43996 43996 43996 43996 43996 43996 43996 43996 43996 43996 43996 43996 43996 43996 43996 43996 43996 43996 43996 43996 43996 43996 43996 43996 43996 43996 43996 43996 43996 43996 43996 43996 43996 43996 43996 43996 43996 43996 43996 43996 43996 43996 43996 43996 43996 0 0 0 0 0 ]
[ 50248 50812 49564 50560 50536 50776 50440 50536 50056 50620 50248 50068 50224 50632 50296 50872 50620 50680 50116 50248 50332 50512 50548 50896 50524 50404 50740 50452 50764 50164 50284 50464 50704 50476 50572 50512 50428 50464 50464 50380 50848 50596 50704 50380 49840 50512 50584 50248 50452 50356 50536 50428 50680 50452 50608 50332 50560 50536 50116 50236 50452 50368 49948 50344 50632 50308 49924 50128 50368 50848 50476 50776 50512 50416 50824 50476 50392 50392 50092 50440 50668 50692 50524 50464 50800 49900 50584 50632 50140 50860 50476 50764 50296 50296 50308 50740 50692 50824 50020 50416 0 0 0 0 0 ]
];
house_keep = [
[ 44521 44521 44522 44524 44523 44522 0 ]
[ 32640 32626 32571 32637 32626 32636 0 ]
[ 65165 65166 65165 65165 65161 65164 0 ]
[ 26292 26345 26370 26440 26483 26484 0 ]
[ 26292 26345 26370 26440 26483 26484 0 ]
];
config = [309 616 2 1 0 ]