sensors_x = [
[ 51904 51472 51232 51388 51508 51580 51508 51400 51184 51424 51400 51592 51532 51628 51124 51748 51556 51184 51520 51352 51292 51640 51400 51448 51256 51736 51400 51496 51556 51508 51712 51436 51664 51184 51304 51376 51208 51496 51472 51592 51112 51472 51772 50908 51376 51508 51484 51196 51040 51460 51148 51532 51448 51496 51580 51112 51340 51676 51328 51652 51496 51160 51508 51772 51652 51676 51556 51244 51364 51328 51532 51412 51604 51688 51724 51508 51664 51580 51388 51496 51472 51196 51700 51676 51364 50968 51340 51244 50980 51712 51484 51316 51220 51376 51256 51364 50896 51520 51304 51532 0 0 0 0 0 ]
[ 54604 54700 54892 54988 55108 55180 55264 55348 55396 55468 55504 55552 55576 55612 55660 55684 55672 55708 55708 55720 55768 55768 55780 55792 55828 55840 55828 55828 55852 55852 55852 55864 55864 55876 55864 55876 55876 55876 55876 55888 55888 55888 55888 55888 55912 55900 55912 55900 55888 55888 55912 55900 55900 55900 55900 55888 55900 55912 55912 55912 55912 55912 55900 55912 55912 55912 55912 55900 55900 55912 55900 55900 55900 55900 55900 55900 55900 55900 55888 55900 55900 55900 55912 55900 55888 55900 55900 55900 55900 55852 55888 55900 55900 55900 55900 55912 55900 55900 55900 55900 0 0 0 0 0 ]
[ 55828 55912 55984 56032 56104 56140 56164 56188 56212 56224 56236 56236 56236 56236 56236 56236 56236 56236 56236 56236 56236 56236 56236 56236 56236 56236 56236 56236 56236 56236 56236 56236 56236 56236 56236 56236 56236 56236 56236 56236 56236 56236 56236 56236 56236 56236 56236 56236 56236 56236 56236 56236 56236 56236 56236 56236 56236 56236 56236 56236 56236 56236 56236 56236 56236 56236 56236 56236 56236 56236 56236 56236 56236 56236 56236 56236 56236 56236 56236 56236 56236 56236 56236 56236 56236 56236 56236 56236 56236 56236 56236 56236 56236 56236 56236 56236 56236 56236 56236 56236 0 0 0 0 0 ]
[ 51676 52264 52264 51916 52228 51952 52000 52060 52204 52024 51820 52024 52228 52000 52060 52012 52168 51460 52036 51736 52024 51652 51928 52156 52000 52120 52252 52108 51844 52120 52084 52084 51892 52072 51976 52000 51928 52300 52432 51904 51724 51964 52036 52024 52816 51544 52396 52060 51712 52204 51880 51748 51952 51928 51508 51928 52036 51976 52084 51928 51940 51928 52252 52000 52024 52012 52084 51532 52252 51952 51856 51856 52120 51904 51904 52012 52228 51544 52324 51424 52132 52528 52048 51352 51976 52336 51496 51988 51916 52276 52012 52372 51988 52300 51940 51868 52144 52024 51892 52084 0 0 0 0 0 ]
];
sensors_y = [
[ 48328 48760 49000 48844 48724 48652 48724 48832 49048 48808 48832 48640 48700 48604 49108 48484 48676 49048 48712 48880 48940 48592 48832 48784 48976 48496 48832 48736 48688 48724 48520 48796 48568 49048 48928 48856 49024 48736 48760 48640 49120 48760 48460 49324 48856 48724 48748 49036 49192 48772 49084 48700 48784 48736 48652 49120 48892 48556 48916 48580 48736 49072 48724 48484 48580 48556 48676 48988 48868 48904 48700 48820 48628 48544 48508 48724 48568 48652 48844 48736 48760 49036 48532 48556 48868 49264 48892 48988 49252 48520 48748 48916 49012 48856 48988 48868 49336 48712 48928 48700 0 0 0 0 0 ]
[ 45628 45532 45340 45244 45124 45052 44968 44884 44836 44764 44728 44680 44656 44620 44572 44548 44560 44524 44524 44512 44464 44464 44452 44440 44404 44392 44404 44404 44380 44380 44380 44368 44368 44356 44368 44356 44356 44356 44356 44344 44344 44344 44344 44344 44320 44332 44320 44332 44344 44344 44320 44332 44332 44332 44332 44344 44332 44320 44320 44320 44320 44320 44332 44320 44320 44320 44320 44332 44332 44320 44332 44332 44332 44332 44332 44332 44332 44332 44344 44332 44332 44332 44320 44332 44344 44332 44332 44332 44332 44380 44344 44332 44332 44332 44332 44320 44332 44332 44332 44332 0 0 0 0 0 ]
[ 44404 44320 44248 44200 44128 44092 44068 44044 44020 44008 43996 43996 43996 43996 43996 43996 43996 43996 43996 43996 43996 43996 43996 43996 43996 43996 43996 43996 43996 43996 43996 43996 43996 43996 43996 43996 43996 43996 43996 43996 43996 43996 43996 43996 43996 43996 43996 43996 43996 43996 43996 43996 43996 43996 43996 43996 43996 43996 43996 43996 43996 43996 43996 43996 43996 43996 43996 43996 43996 43996 43996 43996 43996 43996 43996 43996 43996 43996 43996 43996 43996 43996 43996 43996 43996 43996 43996 43996 43996 43996 43996 43996 43996 43996 43996 43996 43996 43996 43996 43996 0 0 0 0 0 ]
[ 50548 49696 49912 50044 49468 50392 50440 49972 50428 50176 50332 50644 49756 50152 50236 50284 50176 50860 50116 50104 50200 50632 50464 50332 50152 50188 49900 50620 49900 49864 50164 50260 50320 50320 50176 49960 50416 50116 49744 50416 50896 50452 50668 50056 49744 50680 49756 50092 50896 50212 50656 50452 50104 50392 50740 50464 50140 50272 50428 50104 49852 50152 49996 50272 50140 50380 49804 50644 49732 50296 50200 50464 50056 50296 50368 50188 50140 50392 49960 50848 50380 49624 50248 50752 49840 50080 50680 50344 50236 49948 50164 50116 50116 50236 50356 50188 50224 50152 50212 50260 0 0 0 0 0 ]
];
house_keep = [
[ 44440 44442 44438 44443 44439 44433 0 ]
[ 32577 32645 32646 32643 32616 32594 0 ]
[ 65181 65188 65182 65180 65181 65179 0 ]
[ 24793 24922 25040 25117 25241 25340 0 ]
[ 24793 24922 25040 25117 25241 25340 0 ]
];
config = [309 616 2 1 0 ]