sensors_x = [
[ 51664 51352 51184 51532 51376 51628 51364 51220 50956 51400 51364 51460 51268 51376 51448 51052 51112 51328 51280 51064 51496 51424 51172 51160 51280 51376 51124 51184 51352 51424 51304 51268 51268 51412 51508 51580 51400 51292 51496 51532 51220 51472 51280 51364 51508 51676 51460 51316 51532 51676 51388 51496 51448 51604 51400 51736 51124 51508 51736 51292 51400 51688 51376 51616 51496 51328 51472 51724 51280 51640 51448 51652 51304 51364 51220 51496 51652 51292 51508 51304 51568 51520 51520 51136 51148 51496 51412 51424 51352 51148 51100 51172 51136 51220 51604 51460 51316 51376 51508 51688 0 0 0 0 0 ]
[ 54556 54688 54832 54952 55072 55156 55240 55324 55384 55432 55492 55516 55576 55612 55648 55660 55684 55696 55732 55756 55744 55780 55780 55780 55804 55804 55828 55816 55828 55840 55840 55852 55864 55852 55876 55864 55876 55852 55876 55876 55888 55876 55888 55876 55888 55876 55876 55864 55900 55900 55900 55888 55888 55888 55888 55888 55888 55888 55888 55888 55876 55888 55864 55888 55888 55888 55876 55888 55888 55876 55900 55888 55888 55876 55876 55876 55888 55900 55876 55888 55888 55912 55888 55900 55876 55888 55876 55888 55852 55876 55888 55900 55888 55888 55888 55900 55888 55888 55876 55900 0 0 0 0 0 ]
[ 55864 55948 56020 56068 56128 56164 56188 56200 56224 56236 56236 56236 56236 56236 56236 56236 56236 56236 56236 56236 56236 56236 56236 56236 56236 56236 56236 56236 56236 56236 56236 56236 56236 56236 56236 56236 56236 56236 56236 56236 56236 56236 56236 56236 56236 56236 56236 56236 56236 56236 56236 56236 56236 56236 56236 56236 56236 56236 56236 56236 56236 56236 56236 56236 56236 56236 56236 56236 56236 56236 56236 56236 56236 56236 56236 56236 56236 56236 56236 56236 56236 56236 56236 56236 56236 56236 56236 56236 56236 56236 56236 56236 56236 56236 56236 56236 56236 56236 56236 56236 0 0 0 0 0 ]
[ 51820 51820 51964 51928 51940 52180 51748 51712 51712 51796 52012 51868 52144 51916 51904 50728 52180 52312 51976 51760 51916 52444 52012 51580 51664 52888 51676 52072 52000 52072 51868 51964 52120 52276 51856 52336 51784 52012 51556 51388 52144 51844 51664 51952 51184 51712 51496 51832 51448 51772 51892 51472 51568 52036 51796 51796 52144 52072 51736 51808 51928 51988 51880 52168 51772 51688 52012 51964 51652 52324 52180 52000 51604 51628 51952 52168 52372 51988 51604 52048 52012 51976 51892 52396 51964 52324 52084 51928 51964 51532 52504 51856 52312 52504 52024 52168 51268 51568 52108 52288 0 0 0 0 0 ]
];
sensors_y = [
[ 48568 48880 49048 48700 48856 48604 48868 49012 49276 48832 48868 48784 48964 48856 48784 49180 49120 48904 48952 49168 48736 48808 49060 49072 48952 48856 49108 49048 48880 48808 48928 48964 48964 48820 48724 48652 48832 48940 48736 48700 49012 48760 48952 48868 48724 48556 48772 48916 48700 48556 48856 48736 48796 48628 48832 48496 49108 48724 48496 48940 48832 48544 48856 48616 48736 48904 48760 48508 48952 48592 48796 48580 48928 48868 49012 48736 48580 48940 48724 48928 48664 48712 48712 49096 49084 48736 48820 48808 48880 49084 49132 49060 49096 49012 48628 48772 48916 48856 48724 48544 0 0 0 0 0 ]
[ 45676 45544 45400 45280 45160 45076 44992 44908 44848 44800 44740 44716 44656 44620 44584 44572 44548 44536 44500 44476 44488 44464 44452 44452 44428 44428 44404 44416 44404 44392 44392 44380 44368 44380 44356 44368 44356 44380 44356 44356 44344 44356 44344 44356 44344 44356 44356 44368 44332 44332 44332 44344 44344 44344 44344 44344 44344 44344 44344 44344 44356 44344 44368 44344 44344 44344 44356 44344 44344 44356 44332 44344 44344 44368 44356 44356 44344 44332 44356 44344 44344 44320 44344 44332 44356 44344 44356 44344 44380 44356 44344 44332 44344 44344 44344 44332 44344 44344 44356 44332 0 0 0 0 0 ]
[ 44368 44284 44212 44164 44104 44068 44044 44032 44008 43996 43996 43996 43996 43996 43996 43996 43996 43996 43996 43996 43996 43996 43996 43996 43996 43996 43996 43996 43996 43996 43996 43996 43996 43996 43996 43996 43996 43996 43996 43996 43996 43996 43996 43996 43996 43996 43996 43996 43996 43996 43996 43996 43996 43996 43996 43996 43996 43996 43996 43996 43996 43996 43996 43996 43996 43996 43996 43996 43996 43996 43996 43996 43996 43996 43996 43996 43996 43996 43996 43996 43996 43996 43996 43996 43996 43996 43996 43996 43996 43996 43996 43996 43996 43996 43996 43996 43996 43996 43996 43996 0 0 0 0 0 ]
[ 50116 50212 50308 50488 50284 50428 50404 50728 50680 50284 50212 50596 50200 50260 50440 51352 50308 50464 50320 50584 50524 50380 50308 51316 50416 50128 50884 50344 50800 50440 50524 50404 50176 50020 50872 50416 50224 50380 50176 50428 50488 50752 50584 50080 50632 50272 50608 50608 51208 50500 50644 50668 50800 50140 50404 50548 50752 50224 50728 50416 50728 50380 50752 50440 50788 50656 50332 50404 50284 50380 50476 50296 50212 50788 50344 50440 50428 50404 50740 50416 50500 50488 50500 50020 50380 50572 50356 50284 50548 50692 49960 50632 50248 50392 50452 50896 51004 50104 50308 50320 0 0 0 0 0 ]
];
house_keep = [
[ 44503 44504 44506 44509 44508 44507 0 ]
[ 32632 32640 32637 32640 32587 32638 0 ]
[ 65165 65167 65167 65167 65167 65166 0 ]
[ 26097 26180 26226 26293 26324 26350 0 ]
[ 26097 26180 26226 26293 26324 26350 0 ]
];
config = [309 616 2 1 0 ]