sensors_x = [
[ 25044 25068 25044 25080 25068 25032 25032 25044 25032 25044 25020 25092 24996 25020 24984 24996 25008 25008 24996 25020 25044 25032 25056 25032 25056 25044 25032 24996 25068 25044 25068 25044 25092 25068 25056 25044 25044 25068 25032 25020 25056 25068 25056 25092 25104 25092 25092 25092 25104 25116 25140 25104 25104 25116 25128 25140 25128 25104 25152 25140 25176 25164 25152 25152 25140 25152 25152 25164 25200 25188 25200 25152 25188 25212 25164 25176 25236 25188 25212 25176 25176 25188 25164 25176 25200 25176 25176 25188 25164 25128 25188 25176 25188 25128 25128 25164 25164 25176 25164 25176 25176 25140 25164 25176 25188 25188 25188 25188 25164 25212 25176 25236 25152 25188 25128 25176 25200 25164 25164 25164 ]
[ 25656 25656 25644 25644 25632 25620 25644 25620 25620 25620 25608 25620 25608 25632 25596 25620 25620 25620 25608 25608 25608 25608 25656 25620 25620 25632 25632 25584 25656 25632 25632 25632 25632 25620 25620 25620 25632 25668 25608 25608 25608 25620 25608 25644 25632 25632 25656 25620 25656 25656 25632 25632 25656 25668 25656 25644 25656 25656 25632 25656 25656 25668 25656 25668 25668 25632 25656 25668 25680 25680 25680 25668 25632 25656 25644 25656 25668 25656 25656 25680 25656 25668 25680 25668 25680 25668 25692 25680 25668 25668 25680 25644 25656 25692 25644 25656 25668 25656 25680 25668 25668 25692 25668 25668 25668 25656 25680 25656 25644 25704 25692 25668 25692 25680 25656 25620 25692 25692 25680 25692 ]
[ 19932 19956 19956 19932 19956 19908 19956 19992 19908 19968 19872 19968 19896 19848 19896 19944 19872 19968 19908 19872 19908 19860 19908 19908 19908 19848 19908 19872 19920 19884 19860 19872 19884 19896 19908 19884 19860 19920 19908 19872 19908 19872 19860 19848 19896 19884 19908 19908 19848 19896 19908 19872 19872 19920 19860 19872 19884 19872 19920 19896 19896 19860 19896 19860 19884 19884 19908 19884 19908 19908 19896 19896 19944 19920 19824 19884 19920 19884 19860 19872 19836 19872 19920 19872 19908 19956 19884 19932 19932 19920 19896 19908 19908 19920 19872 19896 19896 19932 19920 19908 19884 19932 19896 19896 19932 19896 19944 19944 19908 19920 19932 19920 19920 19908 19944 19896 19884 19920 19872 19908 ]
[ 15312 15336 15360 15348 15312 15360 15360 15396 15360 15360 15312 15396 15336 15384 15324 15372 15336 15408 15336 15312 15324 15336 15348 15372 15336 15336 15372 15348 15360 15336 15348 15348 15336 15348 15360 15408 15336 15408 15348 15276 15372 15360 15264 15360 15360 15348 15384 15408 15324 15420 15408 15348 15348 15360 15396 15408 15336 15444 15408 15432 15372 15408 15336 15408 15456 15444 15384 15384 15432 15444 15468 15396 15396 15432 15360 15384 15396 15444 15372 15432 15408 15396 15504 15396 15396 15420 15420 15420 15432 15468 15384 15444 15456 15348 15348 15384 15420 15408 15456 15396 15384 15396 15372 15360 15444 15396 15408 15468 15348 15420 15528 15480 15480 15384 15384 15384 15408 15312 15420 15372 ]
];
sensors_y = [
[ 63724 63700 63676 63712 63700 63688 63688 63676 63688 63700 63700 63676 63700 63676 63664 63700 63688 63688 63676 63676 63652 63664 63688 63688 63664 63676 63664 63604 63676 63676 63652 63652 63676 63676 63616 63628 63652 63688 63640 63604 63664 63652 63640 63652 63640 63628 63628 63628 63640 63652 63652 63664 63616 63628 63664 63628 63664 63640 63640 63652 63664 63676 63640 63640 63652 63664 63640 63676 63640 63652 63688 63664 63652 63652 63652 63640 63676 63652 63700 63688 63664 63676 63676 63664 63664 63688 63688 63676 63676 63712 63676 63664 63676 63712 63688 63700 63724 63664 63700 63688 63664 63676 63700 63688 63652 63700 63700 63676 63652 63724 63616 63652 63688 63676 63688 63688 63688 63700 63676 63676 ]
[ 62656 62632 62620 62620 62608 62596 62620 62596 62596 62596 62584 62596 62584 62608 62572 62596 62572 62572 62584 62584 62560 62560 62584 62596 62572 62584 62560 62512 62560 62584 62560 62584 62560 62572 62572 62524 62560 62572 62560 62536 62560 62548 62536 62572 62560 62560 62560 62548 62560 62560 62560 62584 62584 62596 62584 62572 62584 62584 62584 62584 62584 62596 62584 62596 62596 62584 62584 62620 62584 62608 62632 62596 62584 62608 62596 62584 62596 62608 62584 62608 62584 62620 62632 62620 62608 62620 62644 62632 62620 62620 62632 62596 62632 62668 62596 62632 62620 62632 62656 62620 62620 62620 62668 62620 62620 62632 62632 62608 62620 62656 62644 62596 62692 62632 62632 62620 62644 62644 62656 62596 ]
[ 62980 62932 62932 62956 62956 62980 62932 62944 62932 62968 62944 62920 62968 62968 62956 62920 62944 62944 62956 62968 62932 62956 63004 62932 62956 62920 62980 62920 62944 62980 62956 62968 62980 62992 62956 62884 62956 63040 62980 62920 63004 62968 62908 62920 62968 62980 62932 62956 62968 62968 62932 62968 62944 62944 63004 62944 62932 62944 63016 62992 62944 62956 62968 62908 62980 62956 62956 62980 62932 62956 62944 62968 62968 62920 62896 62932 62920 62956 62932 62920 62908 62944 62920 62968 62956 62956 62980 62956 62956 62968 62896 62932 62980 62992 62944 62968 62944 63028 62968 62932 62956 63004 62968 62944 62908 62944 62944 62944 62932 62968 62980 62968 63040 62932 62968 62968 62956 62992 62968 62956 ]
[ 62704 62632 62656 62620 62656 62608 62608 62620 62608 62584 62632 62620 62608 62608 62608 62620 62584 62608 62560 62608 62596 62560 62644 62572 62656 62560 62500 62524 62632 62632 62572 62596 62632 62644 62584 62512 62536 62704 62620 62500 62572 62536 62488 62560 62632 62572 62560 62584 62548 62548 62536 62596 62548 62632 62620 62560 62560 62548 62512 62584 62572 62632 62584 62536 62608 62524 62512 62608 62488 62620 62596 62644 62548 62560 62512 62560 62548 62524 62596 62548 62560 62548 62512 62548 62548 62572 62596 62596 62584 62644 62608 62572 62608 62644 62572 62560 62596 62644 62608 62596 62656 62596 62644 62608 62584 62620 62584 62572 62572 62548 62536 62560 62560 62608 62632 62680 62656 62680 62596 62620 ]
];
house_keep = [
[ 38318 38315 38314 38314 38314 38315 38312 0 ]
[ 32637 32634 32634 32633 32634 32634 32634 0 ]
[ 38153 38154 38153 38154 38154 38153 38154 0 ]
[ 26963 27005 27048 27083 27111 27152 27186 0 ]
[ 26963 27005 27048 27083 27111 27152 27186 0 ]
];
config = [309 616 2 1 0 ]