sensors_x = [
[ 25128 25104 25104 25116 25116 25104 25104 25104 25116 25104 25092 25104 25104 25092 25128 25140 25128 25092 25104 25128 25104 25092 25104 25068 25128 25116 25116 25128 25116 25116 25128 25116 25092 25104 25116 25080 25104 25092 25116 25092 25116 25116 25092 25092 25080 25116 25116 25104 25104 25080 25056 25056 25068 25092 25092 25056 25020 25032 25056 24996 25044 25008 25032 25056 25008 25020 25032 25032 25044 25056 25020 25080 25032 25080 25080 25032 25068 25068 25080 25080 25080 25080 25068 25104 25104 25128 25080 25152 25140 25128 25128 25140 25164 25140 25164 25164 25140 25164 25152 25200 25176 25188 25164 25140 25188 25164 25152 25176 25152 25152 25140 25152 25104 25128 25128 25140 25068 25128 25092 25116 ]
[ 25656 25632 25644 25668 25656 25656 25668 25680 25680 25644 25620 25644 25644 25656 25644 25668 25644 25680 25668 25656 25632 25596 25656 25632 25644 25644 25680 25644 25656 25668 25668 25668 25656 25692 25632 25656 25644 25644 25644 25608 25644 25632 25644 25656 25644 25656 25668 25668 25644 25644 25644 25668 25644 25644 25644 25632 25608 25644 25644 25620 25608 25632 25620 25596 25608 25620 25608 25620 25620 25632 25632 25632 25632 25656 25608 25620 25620 25620 25620 25632 25620 25620 25644 25620 25656 25644 25668 25644 25656 25644 25644 25668 25644 25680 25656 25656 25644 25632 25680 25668 25680 25704 25668 25668 25692 25692 25668 25668 25704 25668 25692 25668 25680 25656 25656 25644 25668 25680 25656 25656 ]
[ 19932 19968 19932 19932 19956 19944 19884 19944 19944 19944 19908 19968 19896 19932 19968 19932 19932 19920 19944 19932 19920 19920 19908 19896 19920 19944 19980 19932 19932 19932 19944 19944 19956 19956 19932 19944 19944 19896 19968 19920 19932 19908 19980 19956 19896 19956 19968 19980 19896 19920 19968 19944 19932 19884 19956 19944 19932 19932 19920 19932 19944 19932 19932 19908 19896 19896 19896 19944 19896 19860 19920 19908 19884 19920 19884 19920 19824 19884 19896 19884 19884 19860 19872 19872 19872 19860 19872 19908 19872 19860 19824 19896 19848 19956 19896 19896 19920 19872 19860 19920 19884 19884 19896 19908 19920 19920 19920 19908 19920 19944 19920 19908 19920 19908 19968 19932 19932 19920 19932 19956 ]
[ 15360 15360 15396 15396 15408 15396 15348 15408 15396 15324 15336 15384 15216 15396 15360 15384 15360 15408 15420 15360 15324 15408 15408 15276 15396 15348 15336 15384 15396 15384 15456 15468 15300 15408 15348 15324 15396 15384 15456 15384 15348 15408 15348 15384 15348 15360 15336 15408 15360 15336 15372 15432 15408 15420 15408 15348 15348 15312 15336 15276 15420 15372 15372 15288 15288 15348 15312 15300 15288 15384 15324 15348 15288 15408 15384 15312 15240 15348 15360 15384 15396 15252 15444 15360 15360 15372 15348 15372 15372 15396 15168 15384 15432 15444 15396 15420 15420 15396 15408 15420 15384 15444 15372 15420 15312 15432 15336 15396 15384 15384 15444 15384 15408 15432 15384 15336 15348 15408 15384 15396 ]
];
sensors_y = [
[ 63688 63688 63664 63676 63700 63712 63688 63712 63652 63688 63700 63688 63688 63700 63688 63676 63688 63700 63688 63712 63616 63676 63700 63652 63688 63652 63676 63712 63676 63700 63712 63676 63676 63688 63700 63688 63664 63652 63688 63700 63700 63700 63724 63676 63664 63688 63700 63760 63664 63712 63664 63688 63700 63700 63724 63688 63700 63688 63688 63628 63676 63688 63688 63688 63664 63652 63664 63688 63652 63664 63652 63688 63664 63676 63640 63640 63652 63676 63640 63652 63640 63688 63652 63688 63640 63616 63688 63664 63628 63664 63664 63652 63700 63652 63628 63676 63676 63676 63688 63640 63688 63700 63652 63652 63652 63700 63664 63688 63640 63712 63700 63664 63664 63736 63712 63676 63724 63664 63700 63724 ]
[ 62632 62608 62620 62668 62656 62632 62644 62656 62632 62620 62620 62620 62644 62632 62644 62644 62644 62656 62644 62632 62608 62596 62632 62608 62644 62644 62680 62620 62656 62644 62644 62644 62632 62644 62608 62632 62620 62620 62620 62632 62644 62632 62620 62656 62644 62632 62620 62692 62620 62620 62620 62620 62620 62596 62596 62608 62608 62620 62620 62572 62584 62584 62596 62596 62584 62596 62608 62596 62572 62584 62536 62584 62584 62584 62536 62596 62572 62572 62572 62560 62572 62596 62572 62572 62584 62596 62548 62596 62584 62572 62572 62620 62596 62608 62560 62608 62572 62584 62608 62596 62632 62656 62644 62644 62644 62644 62644 62620 62656 62620 62644 62644 62656 62632 62632 62644 62644 62632 62632 62632 ]
[ 62932 62968 62908 62980 62956 62944 62956 62992 62872 62920 62980 62968 62968 62932 62920 62956 62956 62968 62992 62932 62872 62896 62980 62920 62968 62944 62908 62956 62956 62932 62944 62968 62956 62932 62884 62944 62932 62920 62920 62968 62932 62956 62956 62932 62920 62980 62968 63028 62968 62920 62944 62920 62956 62932 62956 62920 62956 62956 62968 62932 62944 62956 62908 62932 62848 62944 62920 62968 62944 62932 62944 62932 62932 62944 62956 62944 62968 62908 62980 62956 62932 63028 62920 62944 62932 62932 62992 62932 62956 62980 62992 62968 62920 62956 62920 62944 62944 62944 62908 62944 62932 63052 62968 62956 62920 62968 62896 62956 62968 62920 62968 62956 62920 62956 62944 62956 62932 62920 62932 62992 ]
[ 62560 62704 62572 62620 62632 62572 62668 62608 62476 62644 62704 62560 62776 62548 62656 62608 62584 62656 62668 62608 62524 62608 62656 62572 62692 62668 62620 62656 62620 62656 62572 62548 62644 62536 62572 62572 62596 62584 62608 62632 62620 62704 62644 62608 62620 62632 62608 62776 62584 62560 62668 62560 62680 62620 62704 62548 62668 62632 62656 62572 62620 62596 62692 62584 62584 62548 62656 62668 62584 62584 62620 62620 62632 62560 62560 62512 62656 62596 62536 62488 62596 62716 62548 62584 62536 62572 62596 62620 62572 62548 62608 62560 62536 62596 62572 62596 62596 62596 62584 62596 62584 62668 62596 62548 62656 62608 62656 62596 62608 62560 62572 62632 62536 62656 62608 62560 62596 62632 62608 62692 ]
];
house_keep = [
[ 38317 38310 38315 38313 38315 38304 38314 0 ]
[ 32637 32631 32631 32634 32634 32632 32633 0 ]
[ 38152 38151 38152 38150 38151 38151 38151 0 ]
[ 27206 27243 27274 27310 27337 27358 27381 0 ]
[ 27206 27243 27274 27310 27337 27358 27381 0 ]
];
config = [309 616 2 1 0 ]