sensors_x = [
[ 25056 25092 25068 25080 25056 25044 25056 25032 25020 25020 25008 25020 25032 25032 25020 25080 25080 25044 25056 25068 25044 25068 25092 25056 25080 25068 25080 25080 25056 25128 25032 25080 25092 25092 25104 25116 25104 25080 25092 25104 25116 25104 25092 25092 25104 25128 25140 25128 25152 25140 25176 25140 25152 25152 25164 25164 25152 25164 25164 25152 25176 25164 25152 25200 25140 25164 25176 25176 25188 25188 25176 25200 25176 25164 25188 25152 25188 25164 25164 25140 25176 25164 25164 25176 25176 25164 25176 25116 25188 25188 25152 25188 25164 25164 25152 25152 25164 25164 25176 25164 25176 25188 25140 25140 25164 25164 25152 25116 25116 25140 25128 25140 25116 25128 25104 25104 25104 25116 25104 25116 ]
[ 25620 25656 25620 25620 25596 25620 25632 25620 25620 25632 25608 25632 25620 25620 25608 25632 25644 25608 25668 25632 25608 25620 25656 25620 25644 25656 25644 25632 25632 25680 25632 25644 25632 25644 25644 25656 25656 25644 25632 25644 25668 25620 25656 25620 25632 25656 25656 25656 25656 25656 25656 25644 25620 25656 25632 25704 25656 25680 25656 25704 25668 25668 25656 25680 25656 25656 25680 25656 25620 25656 25656 25692 25668 25656 25680 25656 25680 25668 25668 25656 25668 25668 25644 25680 25668 25656 25680 25656 25656 25644 25620 25692 25668 25668 25668 25668 25656 25668 25656 25644 25668 25668 25644 25656 25656 25644 25656 25656 25644 25668 25656 25644 25668 25620 25632 25620 25644 25644 25644 25656 ]
[ 19920 19932 19932 19920 19944 19932 19944 19920 19944 19908 19920 19896 19908 19920 19920 19932 19956 19956 19956 19944 19920 19920 19920 19908 19920 19944 19932 19968 19908 19956 19968 19992 19956 19944 19896 19908 19980 19932 19956 19956 19920 19860 19944 19932 19908 19932 19920 19980 19920 19932 19896 19944 19920 19980 19872 19920 19872 19896 19908 19920 19920 19896 19872 19920 19860 19908 19908 19872 19920 19884 19956 19920 19920 19884 19956 19824 19860 19944 19872 19896 19932 19884 19860 19884 19920 19872 19932 19920 19848 19896 19908 19872 19872 19920 19932 19896 19908 19860 19896 19908 19896 19896 19908 19896 19896 19860 19884 19896 19860 19896 19968 19896 19884 19932 19836 19896 19884 19920 19884 19860 ]
[ 15408 15384 15300 15396 15396 15348 15372 15324 15324 15324 15408 15336 15312 15348 15312 15384 15444 15336 15360 15336 15372 15372 15348 15360 15312 15360 15420 15372 15348 15360 15408 15384 15396 15408 15372 15324 15408 15444 15348 15384 15420 15396 15384 15360 15432 15420 15444 15396 15372 15396 15384 15384 15432 15516 15384 15492 15408 15432 15372 15444 15480 15408 15420 15504 15420 15396 15384 15408 15420 15384 15396 15504 15420 15420 15432 15336 15312 15456 15348 15360 15468 15396 15336 15420 15408 15420 15420 15360 15312 15420 15420 15444 15420 15432 15456 15360 15384 15420 15432 15324 15360 15432 15408 15360 15384 15372 15336 15408 15444 15396 15408 15384 15444 15492 15444 15420 15408 15408 15372 15408 ]
];
sensors_y = [
[ 63640 63700 63676 63664 63640 63652 63640 63664 63652 63676 63688 63676 63664 63664 63676 63688 63724 63700 63688 63676 63676 63700 63676 63688 63640 63676 63688 63664 63688 63688 63664 63688 63676 63676 63688 63676 63712 63664 63676 63688 63700 63688 63676 63700 63688 63688 63676 63664 63688 63676 63712 63664 63640 63688 63676 63700 63664 63676 63700 63688 63664 63676 63664 63688 63676 63652 63664 63664 63652 63676 63664 63688 63664 63676 63652 63664 63700 63628 63652 63652 63664 63676 63676 63664 63664 63652 63664 63652 63712 63652 63664 63724 63652 63628 63616 63664 63628 63628 63640 63676 63664 63652 63676 63652 63676 63652 63664 63676 63628 63628 63664 63628 63628 63640 63640 63616 63616 63652 63640 63640 ]
[ 62548 62608 62572 62572 62548 62596 62584 62596 62596 62584 62584 62608 62596 62596 62584 62608 62620 62608 62620 62608 62584 62572 62632 62596 62596 62560 62620 62608 62584 62608 62632 62620 62632 62596 62620 62632 62632 62596 62632 62620 62644 62620 62632 62644 62608 62632 62632 62632 62632 62632 62632 62620 62572 62632 62608 62632 62632 62656 62632 62656 62620 62644 62608 62632 62608 62608 62632 62608 62572 62608 62608 62620 62644 62608 62608 62608 62656 62620 62620 62632 62596 62620 62620 62608 62620 62608 62632 62608 62632 62596 62572 62644 62596 62596 62524 62596 62608 62596 62584 62572 62596 62596 62620 62608 62584 62572 62584 62584 62596 62572 62584 62572 62596 62572 62584 62548 62572 62572 62572 62560 ]
[ 62944 63052 62884 62872 62896 62932 62944 62980 62944 63004 62944 62920 62932 62944 62968 62932 62980 62956 62956 63016 62920 62896 62944 62980 62896 62908 62956 62920 62956 62932 62968 62920 62980 62920 62968 62932 62956 62908 62932 62932 62992 62932 62968 63004 62956 62932 62968 62956 62920 62980 62920 62920 62896 62956 62944 62944 62944 62920 62956 62920 62896 62920 62944 62944 62956 62932 62956 62920 62896 62968 62908 62968 62968 62932 62956 62944 63028 62896 62992 62908 62980 62956 63004 62908 62944 62944 62980 62920 63040 62944 62932 63016 62944 62944 62884 62944 62908 62980 62920 62932 62968 62932 62980 62944 62992 62932 62908 62968 62956 62920 62944 62944 62932 62908 62908 62920 62956 62944 62956 62956 ]
[ 62584 62704 62572 62524 62572 62572 62644 62644 62608 62572 62608 62608 62560 62620 62632 62572 62692 62632 62584 62632 62572 62596 62572 62632 62644 62560 62620 62596 62572 62608 62680 62560 62572 62608 62644 62644 62572 62548 62668 62632 62644 62668 62632 62680 62560 62620 62596 62620 62596 62644 62608 62632 62440 62668 62608 62692 62584 62584 62620 62596 62488 62608 62644 62584 62572 62524 62560 62584 62500 62584 62644 62608 62596 62572 62560 62608 62728 62560 62596 62608 62596 62572 62608 62620 62608 62548 62572 62584 62752 62584 62548 62668 62548 62560 62440 62608 62560 62572 62536 62572 62584 62584 62560 62608 62584 62548 62536 62560 62572 62596 62440 62632 62548 62500 62548 62500 62584 62536 62548 62632 ]
];
house_keep = [
[ 38315 38312 38315 38313 38310 38313 38313 0 ]
[ 32633 32632 32640 32634 32631 32631 32634 0 ]
[ 38151 38154 38153 38153 38149 38152 38153 0 ]
[ 27140 27171 27190 27217 27242 27270 27296 0 ]
[ 27140 27171 27190 27217 27242 27270 27296 0 ]
];
config = [309 616 2 1 0 ]