sensors_x = [
[ 25116 25128 25116 25092 25128 25104 25080 25080 25080 25092 25068 25104 25104 25116 25104 25092 25104 25056 25080 25080 25080 25104 25068 25104 25080 25080 25068 25056 25056 25044 25044 25020 25056 25056 25044 25032 25044 25044 25056 25020 25068 25044 25056 25068 25056 25068 25092 25068 25116 25080 25080 25092 25092 25128 25092 25116 25116 25104 25116 25104 25152 25128 25128 25116 25104 25116 25104 25116 25140 25152 25116 25128 25128 25128 25152 25164 25140 25140 25164 25164 25188 25176 25164 25152 25128 25152 25176 25152 25140 25164 25176 25176 25152 25176 25164 25164 25152 25176 25164 25152 25164 25176 25188 25128 25188 25200 25164 25164 25176 25140 25164 25176 25212 25176 25188 25164 25200 25164 25188 25176 ]
[ 25836 25836 25836 25836 25836 25788 25800 25812 25824 25824 25836 25836 25848 25836 25824 25860 25812 25812 25788 25800 25812 25800 25812 25836 25836 25800 25824 25800 25800 25800 25800 25776 25788 25800 25788 25776 25812 25800 25776 25812 25800 25812 25812 25812 25812 25812 25824 25800 25860 25800 25836 25836 25824 25836 25824 25848 25836 25836 25812 25836 25872 25824 25836 25848 25824 25836 25836 25860 25860 25836 25848 25824 25872 25848 25872 25860 25872 25860 25848 25884 25884 25872 25860 25848 25824 25860 25884 25848 25872 25884 25860 25860 25860 25860 25872 25848 25872 25812 25860 25848 25860 25860 25848 25848 25860 25848 25824 25884 25860 25860 25872 25836 25860 25872 25836 25848 25848 25872 25872 25860 ]
[ 20016 19944 19956 19968 19968 20016 19932 19932 19956 19944 19944 19968 19968 20028 19992 19980 19956 19908 19956 20004 19944 20028 19980 20028 19980 20028 19992 20004 19956 19992 20004 19980 20028 20004 19992 19992 20040 20004 19992 20004 20004 20028 20004 20004 20004 20004 19980 19992 20064 19992 19992 20016 20004 20004 20028 19992 20028 20040 20016 20004 20016 19992 19992 20028 20016 20016 20016 20028 20028 20004 19980 19992 19992 20004 20028 20004 20028 19992 20004 20028 20028 20004 19956 20004 19932 19992 20016 20028 20028 19992 20028 20040 20004 20004 20016 20028 20004 19956 19980 19992 19980 19932 19980 19992 20016 20028 19992 19968 19980 19992 20016 19968 19992 19980 19992 20040 19992 20004 20040 19944 ]
[ 15504 15444 15432 15420 15516 15480 15420 15456 15456 15408 15468 15420 15480 15468 15432 15468 15468 15408 15492 15444 15444 15504 15504 15444 15480 15480 15528 15456 15468 15468 15432 15444 15492 15456 15408 15432 15504 15492 15516 15492 15492 15420 15480 15468 15492 15480 15480 15468 15504 15492 15444 15444 15444 15444 15516 15456 15468 15504 15456 15456 15576 15432 15480 15552 15468 15456 15468 15468 15516 15468 15504 15504 15528 15456 15528 15456 15540 15492 15504 15468 15504 15468 15372 15516 15360 15528 15504 15504 15516 15528 15528 15528 15528 15504 15528 15456 15552 15504 15468 15480 15468 15540 15480 15492 15540 15528 15492 15420 15516 15480 15564 15456 15480 15372 15480 15516 15552 15492 15540 15432 ]
];
sensors_y = [
[ 64204 64192 64204 64180 64168 64192 64240 64192 64192 64228 64180 64192 64192 64204 64216 64204 64168 64192 64216 64192 64168 64240 64180 64216 64168 64216 64228 64216 64192 64204 64252 64204 64240 64216 64252 64216 64228 64204 64240 64204 64228 64204 64216 64228 64240 64252 64228 64276 64252 64216 64240 64252 64228 64264 64228 64252 64252 64240 64252 64240 64288 64240 64264 64252 64264 64252 64264 64276 64252 64240 64252 64240 64264 64240 64240 64252 64252 64228 64204 64252 64252 64240 64276 64264 64288 64312 64264 64264 64276 64252 64240 64264 64264 64264 64228 64228 64240 64240 64252 64240 64228 64216 64228 64240 64228 64240 64252 64276 64240 64228 64252 64240 64252 64264 64228 64228 64192 64228 64228 64264 ]
[ 62980 62980 63004 62980 62980 63004 63016 63004 62968 62992 62956 63028 62968 62956 62968 63004 62980 63004 62980 62968 62956 62992 62956 62980 62980 62992 62968 62992 62992 62992 63040 63016 63004 62992 63028 63016 63004 63016 63016 63028 63016 63004 63004 63028 63028 63004 63016 63040 63028 63016 63028 63028 63016 63028 62992 63016 63028 63052 63028 63028 63064 63040 63028 63040 63016 63028 63052 63052 63052 63028 63040 63040 63064 63040 63064 63052 63064 63052 63040 63076 63076 63064 63076 63064 63064 63076 63076 63064 63064 63076 63052 63052 63052 63052 63040 63016 63040 63028 63076 63016 63028 63052 63040 63040 63052 63016 63016 63100 63052 63028 63040 63028 63028 63040 63028 63040 63016 63040 63016 63052 ]
[ 63496 63472 63484 63508 63496 63544 63556 63484 63532 63520 63472 63520 63472 63460 63472 63508 63484 63460 63508 63484 63472 63484 63460 63532 63508 63484 63496 63508 63484 63472 63484 63484 63472 63508 63472 63496 63472 63508 63472 63460 63484 63484 63508 63484 63508 63484 63484 63496 63472 63472 63496 63472 63412 63496 63436 63448 63508 63448 63472 63508 63568 63448 63472 63460 63472 63424 63496 63508 63484 63484 63460 63472 63472 63532 63532 63484 63508 63448 63460 63484 63460 63436 63508 63460 63484 63520 63448 63532 63484 63472 63496 63448 63484 63484 63520 63472 63460 63484 63484 63472 63412 63484 63484 63472 63496 63460 63472 63568 63484 63472 63472 63496 63496 63484 63496 63520 63448 63484 63448 63520 ]
[ 63016 62980 63064 62956 62980 62968 63004 62944 62944 62968 63004 63028 62944 62956 62968 62980 62956 62968 63004 62932 62980 63016 62992 62956 62992 62968 62992 62992 62980 63004 62968 63004 63040 62968 63040 63040 62968 62980 63028 63028 63052 63004 62992 63004 63004 63064 63016 63004 63040 63028 63016 63028 62908 63028 62932 63040 63052 62968 62992 63064 63160 63040 63016 63040 63004 63064 63052 63028 62956 63004 63064 63016 63016 63040 63040 63040 63052 62956 63064 63100 62992 63028 63100 63052 63112 63136 62992 63040 63004 63040 63016 63016 62968 63016 62992 63064 63016 63016 63028 62968 63028 63004 63040 63004 63028 62992 63004 63184 63028 62992 63004 63016 63016 63052 62968 63028 63016 63016 62908 63040 ]
];
house_keep = [
[ 38312 38312 38317 38313 38317 38310 38314 0 ]
[ 32634 32634 32634 32633 32634 32634 32634 0 ]
[ 38153 38152 38153 38154 38154 38150 38152 0 ]
[ 27061 27081 27127 27152 27184 27201 27226 0 ]
[ 27061 27081 27127 27152 27184 27201 27226 0 ]
];
config = [309 616 2 1 0 ]