sensors_x = [
[ 25008 25044 25044 25020 25044 25044 25068 25068 25080 25068 25092 25044 25092 25080 25104 25056 25080 25080 25080 25104 25116 25104 25140 25164 25128 25152 25116 25128 25164 25164 25164 25152 25164 25116 25152 25152 25176 25164 25188 25152 25176 25152 25176 25188 25188 25188 25212 25188 25212 25176 25164 25176 25188 25176 25164 25176 25176 25152 25164 25176 25188 25176 25188 25140 25188 25164 25176 25164 25188 25164 25176 25176 25200 25176 25164 25152 25164 25176 25164 25152 25176 25140 25176 25152 25152 25164 25140 25140 25164 25140 25140 25140 25128 25092 25140 25128 25128 25140 25140 25128 25116 25128 25104 25092 25116 25104 25140 25116 25104 25128 25104 25092 25080 25080 25104 25104 25104 25128 25104 25104 ]
[ 25608 25632 25632 25632 25632 25632 25656 25608 25656 25632 25656 25632 25656 25644 25668 25656 25644 25656 25632 25656 25632 25668 25692 25644 25656 25692 25644 25668 25644 25656 25668 25656 25644 25632 25668 25656 25668 25668 25680 25668 25668 25668 25680 25656 25656 25668 25680 25656 25656 25644 25680 25680 25656 25644 25668 25680 25668 25680 25680 25656 25680 25668 25680 25680 25668 25668 25668 25632 25656 25656 25668 25668 25644 25668 25692 25668 25668 25680 25656 25680 25668 25644 25644 25668 25680 25668 25656 25632 25656 25656 25656 25656 25692 25656 25644 25656 25656 25632 25656 25632 25632 25632 25620 25644 25632 25644 25656 25668 25620 25668 25644 25656 25620 25632 25620 25644 25632 25668 25644 25644 ]
[ 19932 19992 19896 19932 19956 19944 19956 19932 19920 19956 19992 19956 19956 19944 19932 19956 19956 19908 19920 19956 19944 19956 19896 19908 19944 19932 19908 19944 19920 19896 19896 19908 19944 19908 19896 19872 19956 19860 19920 19992 19884 19896 19968 19884 19896 19920 19884 19896 19908 19872 19872 19908 19920 19908 19884 19860 19860 19908 19884 19896 19932 19920 19932 19920 19920 19896 19920 19908 19896 19884 19860 19884 19908 19896 19932 19908 19860 19896 19956 19896 19836 19884 19896 19932 19980 19932 19932 19884 19956 19908 19872 19884 19884 19860 19896 19860 19884 19884 19896 19872 19860 19872 19812 19872 19920 19896 19860 19920 19848 19872 19896 19932 19836 19920 19896 19896 19884 19920 19872 19908 ]
[ 15300 15372 15384 15300 15324 15312 15384 15360 15360 15360 15492 15372 15456 15396 15432 15396 15372 15372 15408 15384 15420 15324 15396 15360 15360 15384 15360 15372 15348 15456 15372 15396 15420 15432 15384 15360 15384 15396 15468 15456 15444 15456 15516 15372 15432 15444 15396 15420 15408 15396 15468 15336 15432 15324 15420 15384 15384 15432 15408 15420 15372 15420 15396 15396 15384 15408 15384 15408 15396 15336 15408 15420 15384 15396 15456 15372 15372 15444 15420 15468 15408 15396 15336 15360 15552 15408 15372 15480 15384 15444 15396 15372 15372 15324 15468 15360 15324 15408 15372 15384 15360 15360 15300 15372 15432 15360 15360 15420 15396 15384 15360 15420 15288 15384 15432 15348 15360 15432 15384 15372 ]
];
sensors_y = [
[ 63664 63652 63676 63676 63700 63676 63652 63700 63688 63676 63652 63676 63700 63688 63688 63688 63664 63712 63688 63688 63700 63688 63676 63676 63664 63712 63676 63688 63652 63724 63652 63688 63676 63652 63688 63688 63688 63676 63676 63664 63664 63688 63688 63652 63676 63676 63676 63700 63700 63664 63676 63712 63676 63664 63652 63688 63664 63688 63676 63664 63700 63664 63676 63676 63676 63676 63664 63652 63700 63652 63664 63664 63664 63664 63676 63664 63676 63664 63676 63664 63688 63652 63664 63640 63640 63652 63652 63652 63676 63628 63652 63652 63640 63652 63676 63640 63664 63640 63652 63640 63676 63640 63640 63652 63652 63640 63652 63676 63640 63664 63664 63700 63664 63640 63688 63616 63664 63664 63664 63616 ]
[ 62560 62584 62608 62608 62608 62608 62632 62608 62608 62584 62584 62608 62608 62620 62644 62632 62620 62656 62632 62632 62632 62620 62644 62620 62608 62620 62620 62644 62620 62632 62644 62632 62620 62584 62620 62608 62620 62620 62644 62620 62620 62620 62632 62632 62608 62620 62632 62608 62608 62620 62632 62680 62608 62596 62620 62632 62620 62632 62632 62608 62632 62620 62632 62632 62620 62620 62620 62584 62608 62608 62620 62620 62620 62620 62620 62620 62644 62608 62584 62632 62596 62596 62596 62596 62608 62596 62584 62584 62608 62584 62584 62584 62596 62608 62572 62584 62584 62584 62584 62560 62560 62560 62548 62572 62584 62596 62584 62572 62572 62596 62572 62632 62572 62560 62572 62572 62560 62620 62572 62548 ]
[ 62932 62920 62920 62956 62980 62920 62980 62956 62920 62956 62896 62884 62956 62968 62956 62956 62932 62980 62920 62956 62920 62908 62968 62956 62944 63004 62956 62920 62968 62944 62944 62956 62920 62932 62920 62920 62908 62956 62944 62944 62932 62968 63040 62956 62944 62920 62980 62896 62908 62968 62944 63052 62944 62980 62932 62956 62908 62884 62956 62896 62980 62896 62932 62968 62944 62920 62968 62932 62944 62908 62980 62908 62908 62944 62932 62956 63004 62920 62980 62992 62932 62956 62896 62980 62980 62968 62932 62980 62908 62980 62896 62956 62980 63052 62968 62932 62956 62956 62944 62920 62980 62872 62908 62968 62944 62920 62956 62992 62944 62968 62968 62980 62932 62968 62992 62920 62956 63016 62968 62884 ]
[ 62596 62644 62584 62608 62584 62608 62608 62584 62560 62560 62500 62644 62608 62644 62632 62620 62644 62668 62584 62584 62572 62596 62620 62608 62608 62752 62560 62620 62596 62704 62596 62548 62596 62632 62632 62608 62632 62596 62692 62536 62632 62584 62644 62548 62560 62548 62620 62620 62584 62572 62596 62752 62536 62572 62596 62704 62584 62584 62560 62548 62620 62548 62548 62680 62584 62584 62536 62512 62572 62560 62584 62644 62560 62572 62584 62620 62620 62572 62596 62620 62560 62620 62584 62584 62584 62560 62548 62572 62560 62572 62572 62572 62596 62692 62524 62584 62572 62512 62596 62536 62584 62536 62524 62596 62560 62536 62608 62596 62524 62560 62560 62644 62512 62584 62584 62500 62488 62656 62536 62524 ]
];
house_keep = [
[ 38315 38313 38329 38312 38312 38316 38314 0 ]
[ 32634 32635 32631 32641 32636 32633 32634 0 ]
[ 38153 38151 38153 38151 38151 38152 38151 0 ]
[ 27100 27128 27156 27180 27206 27241 27264 0 ]
[ 27100 27128 27156 27180 27206 27241 27264 0 ]
];
config = [309 616 2 1 0 ]