sensors_x = [
[ 25032 25044 25056 25032 25056 25056 25080 25056 25068 25068 25056 25044 25080 25080 25092 25068 25104 25056 25128 25104 25104 25128 25128 25116 25128 25128 25140 25164 25200 25164 25128 25164 25128 25188 25152 25128 25164 25140 25152 25176 25164 25188 25176 25188 25200 25188 25164 25176 25164 25176 25188 25176 25176 25176 25152 25176 25188 25176 25200 25164 25164 25188 25176 25188 25188 25188 25224 25188 25176 25188 25212 25176 25188 25176 25188 25164 25176 25176 25152 25164 25176 25152 25200 25188 25140 25176 25164 25164 25176 25188 25200 25176 25176 25164 25152 25140 25164 25140 25152 25152 25128 25140 25128 25140 25116 25164 25116 25128 25116 25140 25128 25104 25116 25104 25068 25092 25092 25092 25080 25116 ]
[ 25644 25620 25632 25632 25632 25668 25644 25644 25632 25632 25632 25632 25656 25656 25644 25668 25656 25668 25644 25644 25644 25668 25644 25632 25632 25656 25656 25692 25692 25668 25680 25656 25668 25716 25680 25656 25668 25644 25644 25632 25668 25656 25668 25644 25668 25644 25668 25680 25692 25668 25680 25656 25644 25668 25656 25680 25680 25644 25692 25644 25692 25692 25668 25668 25668 25668 25680 25668 25668 25668 25656 25656 25668 25692 25656 25680 25668 25656 25644 25668 25692 25656 25644 25680 25668 25656 25656 25680 25680 25644 25668 25656 25644 25644 25656 25692 25656 25656 25656 25656 25656 25668 25644 25656 25668 25680 25644 25644 25620 25644 25656 25620 25644 25632 25644 25620 25632 25644 25632 25632 ]
[ 19920 19956 19956 19932 19956 19932 19920 19908 19932 19920 19932 19908 19932 19908 19956 19920 19932 19944 19968 19932 19896 19944 19956 19908 19884 19920 19944 19896 19992 19896 19932 19932 19884 19968 19956 19932 19920 19872 19884 19956 19896 19872 19932 19932 19920 19872 19872 19896 19884 19896 19932 19908 19884 19920 19908 19956 19896 19920 19932 19932 19920 19896 19860 19944 19884 19884 19980 19932 19872 19908 19920 19920 19860 19944 19872 19920 19896 19932 19920 19932 19872 19908 19932 19896 19920 19848 19872 19896 19848 19884 19908 19908 19896 19896 19944 19908 19872 19896 19932 19944 19872 19896 19872 19884 19896 19944 19908 19920 19884 19896 19860 19896 19896 19872 19872 19896 19872 19896 19944 19944 ]
[ 15396 15324 15384 15288 15360 15396 15336 15372 15408 15396 15420 15396 15396 15360 15408 15408 15360 15348 15408 15372 15360 15384 15420 15384 15408 15420 15408 15444 15528 15360 15384 15444 15408 15432 15432 15408 15432 15264 15432 15372 15384 15444 15432 15408 15384 15408 15396 15432 15372 15456 15396 15432 15360 15324 15432 15420 15432 15384 15456 15384 15384 15408 15420 15504 15384 15360 15504 15456 15360 15408 15444 15408 15360 15456 15384 15456 15444 15480 15432 15456 15336 15384 15456 15432 15348 15408 15348 15396 15420 15324 15444 15360 15432 15360 15420 15384 15420 15396 15360 15480 15396 15408 15324 15420 15456 15408 15360 15468 15420 15444 15360 15396 15432 15372 15360 15420 15396 15384 15456 15372 ]
];
sensors_y = [
[ 63688 63664 63712 63712 63664 63664 63712 63712 63700 63700 63712 63652 63712 63712 63676 63676 63712 63688 63688 63712 63664 63712 63712 63676 63688 63688 63700 63748 63688 63676 63688 63676 63712 63748 63688 63664 63676 63676 63688 63688 63676 63700 63688 63700 63664 63700 63748 63664 63676 63688 63676 63688 63664 63712 63664 63688 63676 63664 63664 63652 63700 63676 63664 63652 63652 63676 63712 63676 63664 63652 63628 63664 63676 63664 63676 63676 63664 63664 63640 63652 63664 63688 63640 63676 63676 63616 63652 63676 63640 63652 63688 63664 63640 63676 63640 63652 63676 63676 63664 63664 63640 63676 63640 63652 63676 63700 63676 63664 63628 63628 63640 63664 63652 63640 63676 63652 63652 63652 63640 63652 ]
[ 62596 62572 62608 62656 62608 62596 62620 62620 62632 62608 62608 62608 62632 62608 62620 62644 62656 62644 62620 62644 62620 62644 62644 62632 62608 62632 62632 62692 62620 62644 62632 62632 62644 62668 62656 62608 62644 62596 62620 62608 62644 62632 62644 62596 62596 62620 62644 62632 62620 62620 62632 62608 62620 62620 62608 62632 62632 62596 62644 62620 62620 62620 62596 62620 62620 62596 62656 62620 62620 62596 62584 62608 62620 62620 62632 62632 62620 62584 62620 62620 62620 62632 62596 62632 62620 62596 62608 62608 62608 62596 62620 62608 62572 62620 62560 62620 62608 62584 62584 62632 62584 62596 62572 62584 62596 62608 62596 62596 62548 62572 62584 62572 62572 62584 62620 62548 62560 62548 62560 62584 ]
[ 62968 62956 62932 62956 62956 62884 62920 62932 62932 62944 62944 62908 62908 62932 62956 62992 62932 62920 62896 62932 62944 62920 63004 62932 62908 62944 62956 62992 62920 62920 62908 62932 62908 62992 63004 62908 62920 62860 62932 62956 62848 62992 62908 62956 62920 62944 63016 62944 62956 62896 62980 62968 62932 62968 62908 62956 62872 62968 62932 63004 62968 62920 62908 62872 62956 62932 62956 62932 62968 62908 62872 62944 62956 62968 62920 62968 62968 62932 62968 62956 62968 63004 62956 62968 62944 62896 62944 62944 62968 62908 62908 62956 62896 62992 62920 62980 62968 62944 63004 62992 62968 62944 62944 62956 62968 63040 62932 62992 62956 62944 62932 62920 62944 62968 62992 62992 62920 62944 62992 62968 ]
[ 62620 62596 62608 62680 62656 62572 62608 62656 62620 62620 62620 62572 62620 62680 62632 62584 62632 62608 62584 62632 62584 62656 62620 62632 62656 62572 62584 62764 62608 62584 62536 62572 62656 62848 62656 62584 62584 62536 62560 62548 62584 62596 62644 62620 62584 62584 62644 62584 62572 62632 62596 62560 62512 62596 62560 62620 62536 62560 62488 62584 62608 62632 62548 62584 62632 62608 62656 62584 62560 62608 62476 62512 62608 62584 62536 62584 62572 62512 62584 62560 62632 62680 62536 62584 62572 62536 62572 62596 62596 62500 62596 62584 62536 62560 62524 62608 62620 62572 62536 62656 62620 62608 62524 62596 62584 62680 62536 62596 62548 62572 62536 62548 62584 62596 62608 62596 62548 62560 62536 62548 ]
];
house_keep = [
[ 38320 38317 38316 38314 38318 38318 38320 0 ]
[ 32640 32637 32640 32636 32637 32634 32640 0 ]
[ 38155 38158 38157 38156 38157 38156 38155 0 ]
[ 26573 26636 26694 26749 26801 26851 26895 0 ]
[ 26573 26636 26694 26749 26801 26851 26895 0 ]
];
config = [309 616 2 1 0 ]