sensors_x = [
[ 25200 25176 25176 25152 25188 25188 25128 25140 25176 25176 25176 25188 25140 25164 25164 25164 25176 25140 25164 25140 25164 25164 25164 25176 25164 25224 25188 25176 25188 25140 25164 25188 25164 25188 25128 25164 25164 25188 25152 25152 25152 25140 25176 25164 25188 25152 25164 25152 25140 25188 25164 25188 25164 25152 25140 25128 25152 25128 25152 25164 25140 25152 25128 25152 25164 25104 25104 25092 25092 25116 25104 25104 25104 25092 25092 25092 25104 25104 25116 25080 25128 25104 25104 25080 25092 25116 25056 25080 25068 25068 25080 25068 25080 25080 25044 25056 25080 25080 25056 25068 25080 25092 25044 25104 25080 25044 25092 25068 25020 25068 25080 25044 25056 25092 25068 25056 25080 25080 25080 25068 ]
[ 25692 25692 25680 25680 25680 25668 25656 25656 25668 25668 25656 25668 25668 25680 25680 25680 25692 25668 25668 25680 25680 25668 25656 25668 25680 25716 25632 25692 25668 25656 25656 25668 25680 25632 25644 25644 25656 25656 25656 25668 25668 25656 25644 25644 25680 25644 25668 25656 25668 25680 25680 25632 25644 25632 25668 25668 25644 25668 25644 25656 25644 25644 25620 25644 25620 25620 25656 25644 25632 25644 25668 25632 25632 25656 25632 25644 25644 25620 25644 25644 25632 25632 25632 25632 25620 25644 25644 25632 25632 25620 25632 25632 25656 25632 25632 25620 25620 25632 25632 25644 25620 25620 25596 25656 25632 25620 25656 25632 25620 25632 25596 25656 25644 25668 25620 25632 25632 25620 25632 25632 ]
[ 19908 19920 19932 19896 19884 19920 19896 19920 20004 19908 19896 19932 19932 19932 19944 19920 19908 19884 19944 19944 19860 19944 19968 19896 19896 19944 19860 19920 19920 19908 19908 19908 19932 19884 19848 19860 19872 19872 19920 19884 19872 19932 19908 19908 19956 19860 19920 19872 19908 19920 19896 19932 19908 19920 19896 19896 19908 19920 19932 19860 19812 19884 19920 19920 19896 19896 19908 19860 19860 19884 19872 19932 19884 19908 19860 19908 19896 19884 19884 19872 19908 19908 19884 19896 19920 19920 19908 19848 19932 19860 19884 19848 19956 19944 19896 19884 19884 19932 19872 19860 19908 19908 19872 19896 19884 19956 19920 19932 19884 19908 19908 19968 19872 20004 19872 19932 19920 19884 19956 19932 ]
[ 15468 15420 15444 15384 15384 15360 15396 15408 15408 15348 15408 15444 15396 15396 15420 15420 15384 15420 15444 15456 15300 15384 15516 15444 15420 15492 15396 15444 15348 15396 15420 15420 15408 15432 15324 15420 15384 15432 15384 15372 15420 15360 15468 15396 15516 15408 15408 15384 15468 15384 15444 15408 15420 15384 15372 15408 15360 15360 15396 15432 15360 15360 15384 15360 15384 15384 15384 15312 15372 15444 15396 15312 15396 15372 15360 15360 15396 15360 15432 15396 15372 15396 15324 15360 15384 15504 15456 15360 15300 15384 15336 15348 15408 15408 15384 15372 15384 15324 15408 15408 15360 15408 15360 15420 15384 15444 15444 15348 15336 15372 15312 15384 15396 15480 15372 15432 15324 15324 15384 15384 ]
];
sensors_y = [
[ 63712 63664 63712 63688 63724 63676 63688 63676 63712 63712 63712 63700 63724 63700 63676 63700 63688 63724 63700 63652 63676 63700 63700 63688 63676 63760 63676 63664 63676 63676 63676 63700 63676 63676 63664 63676 63676 63676 63640 63688 63688 63676 63664 63676 63676 63664 63652 63640 63652 63676 63652 63676 63664 63664 63628 63640 63664 63688 63664 63652 63652 63664 63640 63664 63664 63616 63640 63652 63652 63676 63664 63640 63664 63628 63652 63628 63640 63640 63652 63640 63688 63664 63664 63664 63652 63700 63688 63640 63652 63652 63688 63676 63640 63664 63652 63640 63664 63664 63664 63652 63640 63652 63652 63664 63664 63652 63676 63676 63676 63676 63640 63652 63712 63652 63676 63664 63664 63664 63664 63700 ]
[ 62668 62644 62656 62656 62656 62644 62632 62632 62644 62644 62632 62644 62644 62632 62656 62656 62644 62644 62644 62632 62632 62644 62632 62644 62644 62668 62608 62644 62644 62632 62608 62620 62632 62584 62620 62620 62608 62608 62584 62620 62620 62608 62596 62596 62608 62620 62620 62608 62596 62632 62632 62584 62596 62584 62620 62596 62572 62596 62572 62608 62596 62596 62572 62572 62548 62548 62608 62572 62584 62596 62572 62584 62560 62584 62584 62572 62572 62572 62596 62572 62584 62584 62560 62560 62572 62572 62620 62560 62560 62596 62560 62584 62572 62560 62560 62572 62572 62584 62560 62572 62548 62572 62548 62560 62560 62572 62608 62584 62572 62584 62548 62608 62596 62572 62572 62584 62584 62572 62584 62560 ]
[ 62908 62968 62908 62992 62908 62968 62944 62968 62956 63004 62992 62980 63052 62980 62944 62932 62932 62932 62944 62896 62908 62944 62944 62968 62944 63040 62908 62968 62896 62956 62932 62908 62932 62980 62944 62932 62944 63016 62920 62980 62944 62956 62908 62932 63004 62932 62944 62968 62932 62968 62992 62932 62932 62920 62968 62944 62956 62992 62908 62932 62932 62956 62968 62920 62920 62920 62980 62932 62932 63052 62944 62932 62932 62956 62932 62956 62968 62908 62956 62968 62884 63016 62956 62944 62980 63040 62980 62944 62956 62932 62980 62920 62932 62944 62920 62956 62956 62956 62944 62980 62956 62932 62944 62944 62932 62968 63052 62932 62956 62932 62956 62920 62968 62908 62968 62980 62968 62932 62956 62980 ]
[ 62668 62620 62596 62608 62584 62632 62596 62608 62680 62764 62584 62620 62812 62620 62596 62620 62656 62644 62548 62536 62560 62608 62596 62620 62596 62692 62524 62620 62548 62584 62572 62608 62560 62584 62596 62596 62584 62512 62620 62596 62524 62608 62572 62572 62668 62608 62584 62608 62572 62632 62572 62560 62572 62608 62596 62536 62560 62608 62524 62560 62536 62608 62584 62560 62488 62488 62536 62560 62596 62548 62524 62560 62596 62596 62536 62608 62500 62536 62584 62524 62572 62548 62572 62560 62560 62656 62752 62536 62572 62584 62584 62596 62512 62512 62584 62548 62560 62620 62560 62536 62584 62536 62584 62548 62536 62524 62692 62620 62608 62596 62608 62584 62560 62488 62524 62632 62572 62596 62560 62584 ]
];
house_keep = [
[ 38321 38318 38324 38322 38324 38325 38320 0 ]
[ 32642 32640 32640 32642 32637 32640 32640 0 ]
[ 38162 38160 38161 38161 38160 38161 38157 0 ]
[ 26085 26155 26223 26285 26368 26426 26483 0 ]
[ 26085 26155 26223 26285 26368 26426 26483 0 ]
];
config = [309 616 2 1 0 ]