sensors_x = [
[ 60376 59260 59764 59872 59512 59584 60172 59716 59500 59740 60220 60496 60268 61048 59320 59848 59488 60424 60160 59956 59956 59764 59992 60400 59872 60016 60064 60016 60376 59584 59740 59884 60088 60256 59536 60472 60052 60352 59788 59920 60316 60208 59644 60184 59848 59776 60220 59392 60076 59344 60052 60160 60292 60424 59392 59644 60040 59476 59848 59404 60400 59416 59416 60100 59908 59956 60088 59560 59860 60232 60184 59956 60016 60124 59608 60100 60016 59704 59536 60040 59692 60316 59296 60064 60136 59728 60052 59356 60388 59980 59584 59008 60040 60076 59512 60244 60868 60136 60064 59212 0 0 0 0 0 ]
[ 64684 64792 64792 64732 64744 64708 64780 64636 64720 64744 64720 64684 64636 64588 64672 64672 64684 64720 64696 64648 64708 64708 64696 64660 64684 64720 64624 64744 64792 64696 64684 64744 64708 64744 64708 64744 64780 64756 64708 64732 64672 64672 64780 64612 64648 64708 64804 64660 64732 64600 64684 64780 64624 64648 64696 64696 64732 64672 64648 64816 64732 64684 64792 64744 64744 64672 64660 64780 64696 64732 64696 64708 64744 64696 64672 64768 64672 64828 64744 64660 64636 64768 64756 64720 64720 64732 64756 64744 64684 64672 64744 64744 64660 64708 64660 64708 64708 64768 64672 64708 0 0 0 0 0 ]
[ 54964 55012 54964 54976 55000 55000 55000 55012 55000 55000 54988 55000 55024 55000 55000 55012 55012 55036 55000 55000 54976 55012 55024 54988 55012 54988 54988 54988 55036 55000 55012 54976 54988 54964 55000 55024 54964 54952 55000 55024 55012 54988 55000 55000 55000 55024 55012 54988 55000 54964 55024 54988 55000 55012 54988 54976 54976 55012 55000 55012 55024 55036 54988 55000 55012 55012 55036 55012 55012 54988 55024 54988 55000 54976 54988 55012 54952 55024 55024 55000 55012 55024 55036 55048 55012 55012 54976 55024 54988 55024 55000 55000 54988 54964 54988 55000 54988 55012 54976 54988 0 0 0 0 0 ]
[ 61876 61912 61984 61936 61828 61576 62104 61492 61216 61732 61588 61840 62068 61396 61660 61876 61552 61540 61444 61780 61204 62236 61804 61420 61564 61912 61600 61960 61516 61696 61864 61936 61360 61564 61576 61948 62344 61468 61708 61444 61804 61600 61708 61960 61612 61420 61636 60940 61576 61444 61828 61708 61552 61336 61528 61648 61684 61672 61684 61900 61300 61684 61648 61816 61336 61264 61696 61636 61456 61744 61936 61276 61648 61492 61372 61648 61636 61528 61636 61756 61600 61804 61600 61600 61984 61648 61552 61744 61600 61408 62320 61888 61528 61384 61492 61648 62044 61576 61804 61456 0 0 0 0 0 ]
];
sensors_y = [
[ 59164 59428 59164 60304 58960 58696 59428 59500 59332 60052 58420 59368 59572 59248 60280 59560 59848 59200 58672 58732 60076 58780 58672 59056 59224 59896 58792 59464 58528 59512 59500 59380 58936 59152 59824 59032 59164 59608 59404 59920 59956 59704 59356 59740 59488 59536 58780 59224 59188 59728 59572 59488 59260 58744 59260 59404 59920 59788 59728 59764 59272 59128 58864 58972 59332 59524 59872 59860 59224 59152 59992 59068 58624 59188 59560 59380 59272 59296 59440 59896 59656 59284 60496 59560 59176 59200 59116 59236 59164 59200 59464 59512 59128 59860 59560 60244 58972 58432 59656 60244 0 0 0 0 0 ]
[ 64564 64504 64504 64564 64528 64444 64516 64492 64480 64504 64480 64444 64468 64492 64468 64408 64444 64600 64504 64432 64540 64468 64504 64468 64564 64492 64456 64456 64444 64408 64540 64516 64468 64504 64516 64504 64444 64420 64504 64468 64408 64480 64492 64492 64552 64492 64588 64516 64540 64456 64396 64588 64456 64480 64504 64504 64564 64528 64360 64504 64492 64396 64432 64456 64456 64456 64468 64612 64552 64516 64528 64468 64456 64480 64504 64456 64504 64420 64576 64516 64396 64528 64540 64456 64552 64444 64516 64504 64588 64432 64576 64420 64540 64516 64516 64492 64516 64480 64480 64540 0 0 0 0 0 ]
[ 45268 45220 45268 45256 45232 45232 45232 45220 45232 45232 45244 45232 45208 45232 45232 45220 45220 45196 45232 45232 45256 45220 45208 45244 45220 45244 45244 45244 45196 45232 45220 45256 45244 45268 45232 45208 45268 45280 45232 45208 45220 45244 45232 45232 45232 45208 45220 45244 45232 45268 45208 45244 45232 45220 45244 45256 45256 45220 45232 45232 45208 45196 45244 45232 45220 45220 45196 45220 45220 45244 45208 45244 45232 45256 45244 45220 45280 45208 45208 45232 45220 45208 45196 45184 45220 45220 45256 45208 45244 45208 45232 45232 45244 45268 45244 45232 45244 45220 45256 45244 0 0 0 0 0 ]
[ 61012 60640 60400 60352 60700 61048 61048 61384 61012 60796 61348 60640 59956 60772 60844 61372 60808 60364 61012 60220 61204 61564 61036 60868 60652 60808 60904 60832 60676 60616 60856 60856 61336 60988 60688 60916 60232 60820 60820 60700 60580 60856 60604 61000 60412 60820 60724 60772 61000 61036 60604 61492 60472 61264 61360 60568 60916 60856 61348 60796 60700 61036 60568 60664 60688 60856 60460 60772 60952 61096 60616 60664 60904 60772 60868 61120 61252 60760 60892 60652 60760 61228 61456 60640 61192 60988 60892 60808 60784 60808 61312 60928 61204 60808 61372 61096 61132 61192 60556 60568 0 0 0 0 0 ]
];
house_keep = [
[ 44537 44538 44531 44526 44530 44527 0 ]
[ 32640 32641 32640 32640 32637 32637 0 ]
[ 65167 65165 65166 65166 65166 65165 0 ]
[ 26093 26176 26198 26272 26318 26343 0 ]
[ 26093 26176 26198 26272 26318 26343 0 ]
];
config = [309 616 2 1 0 ]