sensors_x = [
[ 60028 60172 59560 59812 59932 59980 60112 59632 59908 60052 60100 60112 60208 59656 59692 61072 59980 60316 60556 60004 59944 60076 60244 60532 60364 59548 59884 59848 60676 60196 59572 60136 60352 60412 59944 59812 60976 60448 59404 59920 60160 60340 60556 60040 59824 60232 59968 60424 60712 59704 60340 60160 60196 60604 60160 60064 60808 60652 60088 60700 59596 60388 60448 60520 60232 59560 60268 60472 60856 60280 60100 60388 60496 60748 60352 59932 60556 60292 60592 59788 59908 60028 59992 60376 60400 59920 59812 60664 60376 61540 59920 59824 60448 60604 60592 60700 60316 60292 60112 60028 0 0 0 0 0 ]
[ 64768 64804 64708 64708 64720 64732 64732 64804 64732 64792 64804 64804 64684 64672 64696 64768 64828 64696 64708 64792 64792 64744 64768 64720 64672 64792 64648 64768 64672 64780 64708 64672 64888 64768 64756 64708 64744 64696 64864 64696 64696 64780 64768 64792 64816 64768 64780 64732 64672 64744 64732 64780 64768 64864 64708 64900 64804 64804 64756 64792 64720 64780 64804 64792 64720 64792 64852 64828 64756 64696 64828 64816 64756 64804 64876 64756 64756 64912 64780 64732 64816 64780 64792 64828 64744 64804 64684 64696 64720 64816 64768 64744 64792 64708 64804 64660 64744 64708 64912 64852 0 0 0 0 0 ]
[ 57112 57304 57268 57316 57304 57328 57328 57340 57424 57340 57376 57328 57388 57352 57388 57364 57376 57364 57364 57388 57388 57364 57388 57388 57388 57352 57364 57364 57352 57364 57352 57376 57436 57388 57376 57364 57340 57352 57424 57388 57364 57364 57364 57364 57352 57328 57352 57364 57316 57328 57316 57316 57340 57316 57328 57328 57316 57292 57316 57340 57304 57328 57292 57304 57328 57352 57304 57328 57328 57316 57316 57352 57304 57316 57316 57352 57340 57328 57352 57352 57328 57340 57376 57280 57328 57316 57340 57340 57340 57328 57352 57388 57364 57340 57352 57352 57340 57340 57376 57364 0 0 0 0 0 ]
[ 62200 62056 62056 61612 62104 62032 62356 62524 62452 62440 62512 62488 62080 61900 62272 61708 62224 61648 62044 62068 62104 61876 62512 61972 61816 61852 62356 61828 62488 62500 62284 61720 61060 61912 62008 61588 62368 62308 62176 62236 62284 62080 62104 61744 61900 62320 62044 62512 62080 62068 62212 62320 62008 62140 62416 61972 61828 62368 62080 61816 62476 62008 62260 62320 61516 62344 62476 62512 61504 62236 61960 62068 62068 62284 62152 62200 62344 61696 61624 62212 62248 62332 62368 62056 61636 61864 61792 62224 62104 62104 63004 62032 61252 62368 62212 61804 61432 61816 62356 61972 0 0 0 0 0 ]
];
sensors_y = [
[ 58780 59116 58432 58996 59020 59020 59464 59020 58756 59044 58924 58984 58720 59104 58252 59152 58900 59044 59116 59668 59128 59140 59032 59476 58468 59236 58804 59296 58372 59020 59596 58744 58600 59212 58480 59212 59104 59056 59284 58480 59284 58960 58924 58960 58624 59416 58816 59272 58816 58888 58876 58768 58324 58948 58216 58576 58816 59068 58840 58492 59308 58996 59488 59464 58360 59248 58852 58720 58840 58960 58396 58804 58336 58912 59392 59380 58852 59200 59464 59092 58684 58924 58936 58576 58984 58864 59068 58984 59056 58636 58960 59080 59152 58684 59008 59356 58588 58972 59272 59572 0 0 0 0 0 ]
[ 64456 64492 64420 64444 64456 64516 64516 64444 64300 64456 64444 64384 64396 64432 64408 64432 64444 64336 64468 64432 64432 64504 64432 64360 64504 64408 64432 64348 64432 64420 64492 64408 64384 64384 64492 64468 64456 64384 64432 64408 64336 64432 64360 64384 64504 64432 64372 64444 64384 64432 64420 64300 64384 64480 64516 64396 64444 64468 64408 64312 64432 64396 64420 64408 64360 64432 64468 64468 64516 64408 64516 64600 64564 64492 64444 64468 64564 64384 64420 64540 64384 64468 64456 64492 64432 64564 64324 64456 64360 64576 64480 64432 64480 64492 64420 64444 64600 64468 64480 64504 0 0 0 0 0 ]
[ 43120 42928 42964 42916 42928 42904 42904 42892 42808 42892 42856 42904 42844 42880 42844 42868 42856 42868 42868 42844 42844 42868 42844 42844 42844 42880 42868 42868 42880 42868 42880 42856 42796 42844 42856 42868 42892 42880 42808 42844 42868 42868 42868 42868 42880 42904 42880 42868 42916 42904 42916 42916 42892 42916 42904 42904 42916 42940 42916 42892 42928 42904 42940 42928 42904 42880 42928 42904 42904 42916 42916 42880 42928 42916 42916 42880 42892 42904 42880 42880 42904 42892 42856 42952 42904 42916 42892 42892 42892 42904 42880 42844 42868 42892 42880 42880 42892 42892 42856 42868 0 0 0 0 0 ]
[ 60424 59944 59680 59860 59848 60160 60148 60148 59596 60952 59080 59644 60160 58972 59872 59764 59848 59992 59836 59764 60016 59740 59296 59656 59620 60652 60292 59572 60448 60556 60064 59008 60100 59872 59848 58972 59824 60292 60040 59680 59548 59704 59968 59680 59812 60424 59596 60472 59608 59956 59476 59752 59632 60316 59560 59308 59692 59584 60088 59824 59944 59944 60244 60088 60028 60436 60124 60088 60064 59716 59896 60052 60124 59956 60184 60208 59776 60040 60496 59728 59896 59848 59968 60184 60532 59920 59440 60832 60616 59920 58732 59632 59812 59920 60124 59668 59824 59824 59284 60004 0 0 0 0 0 ]
];
house_keep = [
[ 44535 44533 44533 44537 44537 44539 0 ]
[ 32640 32640 32637 32640 32640 32640 0 ]
[ 65171 65171 65171 65167 65171 65165 0 ]
[ 25829 25907 25973 26034 26107 26146 0 ]
[ 25829 25907 25973 26034 26107 26146 0 ]
];
config = [309 616 2 1 0 ]