sensors_x = [
[ 23688 23688 23748 23760 23844 23844 23916 23952 24108 24300 24672 25020 25404 26088 26280 26412 26556 26652 26364 26388 26460 26460 26496 26460 26496 26472 26484 27012 26880 26880 26676 26628 26196 26376 26064 25800 26340 26256 26172 26100 0 0 0 0 0 ]
[ 24984 24996 25056 25068 25152 25140 25188 25284 25344 25560 25644 25800 25932 26184 26292 26376 26484 26664 26352 26376 26436 26448 26472 26484 26496 26460 26472 26796 26640 26700 26520 26448 26124 26292 26040 25884 26196 26148 26076 26040 0 0 0 0 0 ]
[ 19404 19404 19452 19428 19500 19548 19584 19620 19728 19800 19824 19860 19896 19896 19896 19920 19980 19956 19980 19944 19956 19992 19944 19980 19932 19908 19968 20004 19908 19968 19896 19944 19848 20052 19812 19752 19800 19704 19632 19500 0 0 0 0 0 ]
[ 15216 15192 15240 15180 15180 15156 15204 15216 15216 15336 15456 15552 15720 15852 15924 15900 15948 15936 15912 15960 15912 15972 15948 16008 15936 15912 15924 15972 15960 15900 15792 15876 15684 15852 15540 15516 15720 15732 15660 15648 0 0 0 0 0 ]
];
sensors_y = [
[ 63808 63784 63844 63856 63796 63844 63844 63832 63820 63820 63856 63844 63844 63904 64024 64108 64204 64324 64036 64060 64132 64132 64168 64156 64192 64168 64180 64588 64336 64432 64228 64084 63724 63880 63688 63592 63820 63688 63508 63340 0 0 0 0 0 ]
[ 62848 62812 62848 62884 62848 62836 62908 62884 62872 62920 62980 63064 63172 63448 63556 63592 63652 63832 63520 63568 63628 63640 63688 63676 63688 63676 63688 63916 63664 63796 63616 63448 63076 63244 62992 62788 63172 63028 62836 62680 0 0 0 0 0 ]
[ 63004 62932 63004 63004 62980 63040 63040 62980 62944 62992 62968 62932 62956 62944 62944 62944 62980 62980 63004 62968 63052 62992 63016 63004 63028 63004 62968 63004 63028 62992 63064 62992 63088 63196 63076 63040 63040 63016 63016 63076 0 0 0 0 0 ]
[ 63280 63232 63232 63268 63124 63148 63100 63088 63028 62992 62908 62872 62848 62812 62836 62812 62812 62776 62800 62776 62848 62788 62860 62848 62848 62824 62860 62740 62632 62668 62680 62620 62548 62812 62548 62452 62536 62452 62356 62296 0 0 0 0 0 ]
];
house_keep = [
[ 38345 38348 0 ]
[ 32651 32653 0 ]
[ 38180 38179 0 ]
[ 23854 23968 0 ]
[ 23854 23968 0 ]
];
config = [309 616 2 1 0 ]