sensors_x = [
[ 19452 19116 19044 19044 19020 19020 19008 18996 18996 19008 19008 19008 19008 19020 18996 19008 19020 18996 19020 19008 19020 19020 19020 18996 19020 19008 19008 18984 18996 19008 18996 19008 19020 19008 19008 19020 18996 18996 19008 19008 18996 18984 19008 19008 18996 19008 19020 18996 19008 19008 18996 18984 18996 18996 18972 18996 18996 18984 19008 18996 18984 18972 18984 18984 18972 18984 18984 18972 18936 18984 18972 18948 18936 18948 18912 18924 18912 18948 18936 18924 18924 18924 18912 18936 18924 18960 18936 18924 18936 18936 18912 18936 18936 18936 18948 18936 18948 18924 18936 18960 18948 18924 18936 18948 18936 18948 18936 18948 18936 18948 18948 18972 18948 18936 18936 18972 18960 18960 18948 18948 ]
[ 17148 19332 19272 19248 19236 19236 19236 19236 19236 19236 19236 19260 19260 19260 19260 19260 19260 19272 19272 19260 19272 19260 19260 19260 19248 19248 19236 19248 19224 19248 19248 19248 19248 19224 19236 19224 19248 19224 19224 19224 19236 19236 19236 19236 19224 19236 19248 19236 19248 19212 19236 19248 19236 19248 19236 19248 19248 19236 19224 19248 19236 19236 19248 19224 19236 19236 19224 19224 19248 19236 19236 19236 19248 19248 19248 19248 19248 19212 19248 19248 19248 19236 19236 19224 19236 19248 19236 19224 19236 19212 19200 19200 19212 19212 19212 19212 19212 19212 19212 19224 19224 19212 19224 19224 19200 19224 19224 19224 19224 19224 19224 19224 19224 19212 19224 19224 19200 19212 19224 19212 ]
[ 11544 13524 13764 13764 13740 13740 13728 13716 13716 13716 13728 13716 13716 13728 13728 13728 13740 13740 13752 13752 13752 13752 13752 13728 13716 13764 13740 13728 13680 13716 13716 13716 13704 13704 13692 13704 13692 13704 13668 13656 13668 13668 13668 13656 13656 13668 13644 13656 13656 13632 13632 13656 13644 13632 13644 13644 13632 13632 13644 13644 13632 13632 13632 13644 13644 13632 13644 13632 13644 13644 13632 13632 13632 13644 13644 13632 13632 13620 13632 13632 13632 13632 13632 13644 13644 13632 13632 13632 13632 13620 13620 13620 13620 13620 13620 13620 13608 13620 13620 13620 13620 13620 13572 13596 13620 13632 13620 13620 13620 13632 13632 13632 13620 13596 13620 13620 13608 13632 13620 13632 ]
[ 5520 6648 6888 6900 6900 6900 6876 6876 6900 6900 6888 6876 6864 6876 6876 6876 6888 6876 6876 6876 6876 6900 6876 6876 6876 6888 6876 6876 6864 6876 6876 6876 6876 6876 6852 6876 6876 6876 6864 6864 6900 6876 6876 6888 6876 6900 6876 6876 6876 6876 6876 6876 6876 6876 6876 6876 6876 6876 6900 6876 6876 6876 6876 6876 6876 6876 6876 6876 6912 6900 6876 6876 6876 6876 6876 6900 6876 6876 6876 6876 6876 6876 6876 6900 6876 6876 6876 6900 6876 6876 6876 6876 6900 6876 6876 6876 6876 6876 6876 6888 6876 6888 6888 6876 6900 6876 6876 6888 6888 6900 6912 6900 6876 6864 6900 6900 6888 6888 6900 6912 ]
];
sensors_y = [
[ 2892 4740 4884 4932 4932 4932 4944 5004 5004 5016 5016 5016 5016 5028 5004 5016 5028 5004 5028 5016 5028 5028 5028 5004 5028 5040 5040 5016 5052 5040 5028 5040 5052 5064 5064 5052 5052 5052 5064 5064 5052 5040 5064 5088 5076 5088 5088 5076 5088 5088 5076 5064 5076 5076 5076 5100 5100 5112 5088 5100 5112 5100 5112 5112 5100 5088 5112 5100 5136 5112 5124 5136 5136 5148 5136 5148 5136 5172 5160 5148 5124 5148 5136 5160 5148 5112 5160 5148 5160 5160 5136 5160 5160 5160 5172 5160 5172 5148 5160 5184 5172 5148 5160 5172 5160 5172 5160 5172 5160 5172 5172 5196 5172 5160 5160 5196 5184 5184 5172 5172 ]
[ 64564 1116 1512 1632 1644 1644 1668 1668 1668 1668 1668 1692 1692 1692 1692 1692 1692 1704 1728 1740 1728 1740 1740 1740 1752 1752 1740 1752 1752 1776 1776 1776 1776 1800 1812 1800 1824 1800 1824 1824 1836 1836 1836 1836 1824 1836 1848 1836 1848 1908 1836 1848 1860 1848 1884 1896 1896 1908 1872 1920 1908 1908 1932 1944 1932 1908 1944 1944 1920 1956 1956 1956 1968 1968 1968 1968 1968 2004 1980 1968 1968 1980 1980 1992 1992 1980 1980 1968 1992 2004 1992 1992 2004 2004 2004 2004 2004 2004 2004 2016 2016 2004 2016 2016 1992 2016 2016 2016 2016 2016 2016 2016 2016 2004 2016 2028 2016 2028 2016 2028 ]
[ 504 1932 2388 2484 2508 2496 2520 2532 2532 2532 2544 2532 2532 2544 2544 2544 2556 2556 2568 2568 2568 2568 2568 2544 2556 2580 2556 2592 2592 2616 2640 2640 2640 2640 2652 2640 2652 2640 2676 2676 2676 2688 2688 2688 2700 2676 2700 2688 2700 2688 2688 2688 2700 2688 2700 2700 2688 2688 2700 2700 2688 2688 2688 2700 2700 2688 2700 2688 2700 2700 2688 2688 2688 2700 2700 2688 2688 2724 2688 2688 2688 2688 2688 2700 2700 2688 2688 2688 2700 2700 2700 2700 2700 2700 2724 2700 2712 2700 2712 2724 2724 2724 2748 2724 2736 2736 2748 2724 2748 2760 2760 2760 2748 2724 2748 2748 2784 2772 2772 2760 ]
[ 64480 64552 64612 64684 64684 64684 64708 64708 64684 64684 64696 64708 64720 64708 64708 64708 64696 64708 64708 64708 64708 64684 64708 64708 64708 64696 64708 64708 64720 64708 64708 64708 64708 64708 64732 64708 64732 64708 64744 64744 64732 64756 64756 64744 64756 64732 64756 64756 64756 64756 64756 64756 64756 64756 64756 64756 64756 64756 64732 64756 64756 64756 64756 64756 64756 64756 64756 64756 64768 64780 64756 64756 64756 64756 64756 64780 64756 64756 64756 64756 64756 64756 64756 64780 64756 64756 64756 64780 64756 64756 64756 64756 64780 64756 64756 64756 64756 64756 64756 64768 64756 64768 64768 64756 64780 64756 64756 64768 64768 64780 64792 64780 64756 64744 64780 64780 64768 64768 64780 64792 ]
];
house_keep = [
[ 38957 38955 38953 38954 38954 38951 38956 0 ]
[ 32649 32648 32646 32648 32650 32647 32648 0 ]
[ 38950 38952 38948 38949 38950 38948 38949 0 ]
[ 50397 50433 50442 50467 50498 50507 50514 0 ]
[ 50397 50433 50442 50467 50498 50507 50514 0 ]
];
config = [309 616 2 1 0 ]