sensors_x = [
[ 19428 19044 18984 18948 18948 18960 18936 18960 18924 18948 18936 18924 18936 18936 18924 18936 18960 18948 18936 18924 18936 18936 18924 18936 18924 18924 18936 18948 18936 18948 18948 18912 18948 18936 18936 18936 18936 18936 18936 18924 18960 18936 18948 18948 18948 18948 18948 18948 18936 18948 18948 18960 18936 18960 18948 18936 18960 18948 18960 18936 18960 18948 18948 18960 18960 18960 18936 18948 18948 18960 18960 18948 18948 18936 18960 18936 18948 18936 18948 18948 18960 18960 18948 18936 18960 18936 18984 18948 18960 18972 18948 18948 18972 18936 18960 18948 18972 18948 18948 18960 18960 18960 18960 18948 18960 18948 18960 18948 18948 18936 18948 18948 18960 18936 18948 18948 18948 18960 18948 18948 ]
[ 17136 19260 19236 19236 19260 19248 19248 19260 19260 19248 19248 19248 19236 19248 19236 19236 19248 19236 19248 19248 19248 19248 19248 19236 19236 19236 19248 19248 19236 19248 19236 19224 19248 19248 19248 19248 19236 19236 19248 19236 19248 19248 19248 19236 19248 19248 19248 19248 19248 19248 19212 19248 19248 19248 19248 19212 19236 19236 19224 19236 19236 19248 19236 19212 19212 19212 19224 19224 19236 19224 19212 19212 19212 19212 19212 19224 19224 19212 19212 19212 19212 19224 19224 19224 19224 19224 19224 19224 19224 19224 19212 19224 19212 19224 19224 19224 19224 19224 19212 19224 19224 19212 19224 19212 19212 19212 19212 19212 19212 19212 19200 19212 19212 19212 19212 19212 19212 19224 19236 19224 ]
[ 11532 13500 13668 13680 13644 13632 13644 13656 13644 13644 13656 13644 13644 13656 13656 13656 13680 13668 13656 13656 13656 13656 13644 13656 13692 13668 13668 13656 13668 13668 13668 13644 13668 13680 13704 13680 13632 13680 13692 13704 13704 13668 13704 13704 13692 13680 13704 13704 13704 13692 13644 13668 13680 13680 13680 13656 13668 13656 13656 13656 13644 13656 13656 13644 13644 13644 13644 13644 13656 13644 13644 13644 13644 13644 13644 13632 13644 13644 13644 13632 13632 13632 13644 13644 13632 13632 13644 13644 13632 13632 13644 13644 13632 13644 13644 13644 13644 13632 13644 13644 13644 13644 13644 13644 13632 13656 13644 13644 13644 13632 13632 13644 13644 13644 13644 13644 13632 13656 13668 13644 ]
[ 5496 6624 6852 6912 6876 6876 6900 6888 6900 6864 6876 6876 6852 6864 6852 6876 6888 6888 6876 6888 6876 6876 6876 6876 6900 6876 6876 6876 6876 6900 6876 6864 6888 6876 6900 6900 6876 6876 6888 6900 6900 6876 6876 6900 6900 6900 6900 6900 6900 6900 6876 6924 6924 6900 6900 6876 6900 6900 6888 6900 6912 6900 6900 6900 6888 6900 6900 6900 6900 6864 6876 6888 6888 6888 6900 6876 6900 6900 6900 6900 6876 6876 6900 6876 6876 6876 6876 6876 6876 6876 6876 6876 6876 6876 6900 6876 6888 6888 6900 6888 6900 6876 6888 6888 6876 6900 6924 6900 6888 6816 6900 6900 6900 6900 6912 6900 6900 6900 6912 6900 ]
];
sensors_y = [
[ 3084 4932 5112 5124 5124 5148 5136 5136 5148 5148 5160 5148 5160 5160 5148 5160 5112 5172 5160 5148 5160 5160 5148 5160 5148 5148 5160 5172 5160 5172 5172 5136 5172 5160 5160 5160 5160 5160 5160 5148 5184 5160 5172 5172 5172 5172 5172 5172 5160 5172 5172 5184 5160 5184 5172 5184 5184 5172 5184 5160 5184 5172 5172 5184 5184 5184 5160 5172 5172 5208 5184 5172 5172 5160 5184 5160 5172 5160 5172 5172 5184 5184 5172 5184 5196 5160 5208 5172 5184 5196 5172 5196 5220 5184 5208 5196 5196 5172 5196 5184 5208 5184 5184 5172 5184 5172 5184 5172 5196 5184 5172 5172 5184 5160 5172 5172 5172 5184 5172 5172 ]
[ 64744 1380 1812 1908 1908 1944 1944 1956 1956 1944 1968 1968 1956 1968 1956 1932 1896 1932 1968 1968 1968 1968 1968 1956 1908 1956 1968 1968 1956 1968 1956 1944 1968 1968 1944 1968 1980 1956 1968 1932 1968 1968 1968 1956 1968 1968 1968 1968 1968 1968 2004 1968 1968 1968 1968 2004 1980 1980 1992 1980 1980 1968 1980 2004 2004 2004 1992 1992 1980 2016 2004 2004 2004 2004 2004 2016 2016 2004 2004 2004 2004 2016 2016 2016 2016 2016 2016 2016 2016 2016 2004 2028 2004 2016 2016 2016 2016 2016 2004 2016 2016 2004 2016 2004 2004 2004 2004 2004 2004 2004 1992 2004 2004 2004 2004 2004 2004 1992 1980 2004 ]
[ 588 2076 2508 2664 2700 2688 2700 2688 2700 2700 2688 2700 2700 2700 2688 2688 2664 2676 2688 2688 2700 2688 2700 2664 2628 2676 2676 2688 2676 2676 2676 2652 2676 2664 2640 2688 2688 2664 2652 2640 2652 2652 2640 2640 2652 2664 2640 2640 2640 2652 2676 2676 2664 2664 2676 2688 2688 2688 2688 2688 2700 2664 2688 2700 2700 2700 2700 2700 2688 2700 2700 2700 2700 2700 2700 2688 2700 2700 2700 2688 2688 2688 2700 2700 2688 2688 2700 2700 2688 2688 2700 2700 2688 2700 2700 2700 2700 2688 2700 2700 2700 2700 2700 2700 2688 2688 2700 2700 2700 2688 2688 2700 2700 2700 2700 2700 2688 2688 2676 2700 ]
[ 64540 64600 64708 64744 64708 64708 64732 64720 64732 64720 64708 64708 64732 64720 64732 64708 64696 64696 64708 64720 64708 64708 64708 64708 64684 64708 64708 64708 64708 64684 64708 64696 64696 64708 64696 64684 64708 64708 64696 64684 64684 64708 64708 64684 64684 64684 64684 64684 64684 64684 64708 64672 64660 64684 64684 64708 64684 64684 64696 64696 64672 64684 64684 64684 64696 64684 64684 64684 64684 64744 64708 64696 64696 64696 64684 64708 64684 64684 64684 64684 64708 64708 64684 64708 64708 64708 64708 64708 64708 64708 64708 64708 64708 64708 64684 64708 64696 64696 64684 64696 64684 64708 64708 64696 64708 64684 64660 64684 64696 64744 64684 64684 64684 64684 64672 64684 64684 64684 64672 64684 ]
];
house_keep = [
[ 38952 38954 38953 38953 38954 38953 38955 0 ]
[ 32649 32646 32650 32648 32649 32649 32646 0 ]
[ 38950 38951 38951 38953 38952 38949 38953 0 ]
[ 50410 50450 50468 50492 50517 50521 50554 0 ]
[ 50410 50450 50468 50492 50517 50521 50554 0 ]
];
config = [309 616 2 1 0 ]