sensors_x = [
[ 19500 19104 19032 19044 19044 19044 19056 19056 19056 19056 19068 19044 19056 19068 19056 19056 19056 19056 19056 19056 19044 19044 19056 19044 19056 19056 19044 19044 19032 19044 19044 19044 19044 19044 19032 19032 19032 19044 19044 19044 19032 19032 19044 19044 19056 19044 19032 19044 19032 19032 19020 19044 19032 19032 19044 19020 19044 19020 19032 19032 19032 19020 19020 19044 19032 19044 19044 19032 19020 19044 19056 19044 19044 19044 19044 19020 19032 19032 19032 19044 19032 19044 19044 19044 19044 19044 19044 19032 19032 19044 19032 19044 19008 19068 19008 19044 19020 19020 19044 19044 19032 19032 19068 19020 19044 19056 19044 19044 19008 19044 19044 19044 19056 19068 19008 19032 19044 19032 19056 19032 ]
[ 17136 19332 19296 19260 19248 19260 19272 19272 19284 19284 19284 19284 19284 19284 19284 19272 19284 19284 19272 19284 19272 19284 19284 19284 19272 19284 19284 19272 19284 19272 19272 19272 19284 19272 19272 19272 19272 19272 19260 19272 19260 19260 19260 19272 19260 19272 19272 19272 19272 19272 19260 19272 19260 19260 19284 19260 19260 19260 19272 19260 19260 19248 19260 19260 19260 19260 19260 19260 19260 19284 19260 19272 19260 19260 19272 19260 19272 19284 19284 19272 19248 19260 19260 19260 19272 19260 19272 19260 19272 19272 19272 19260 19260 19272 19260 19272 19260 19260 19260 19260 19260 19260 19260 19260 19260 19260 19260 19260 19248 19260 19260 19272 19272 19260 19236 19260 19260 19260 19260 19260 ]
[ 11568 13596 13836 13824 13848 13824 13812 13812 13800 13800 13800 13800 13812 13800 13800 13800 13800 13788 13800 13800 13776 13800 13788 13800 13812 13788 13788 13788 13812 13788 13800 13800 13800 13800 13800 13800 13800 13800 13800 13788 13776 13776 13788 13764 13788 13800 13776 13788 13800 13788 13788 13776 13788 13788 13800 13800 13788 13812 13788 13788 13764 13800 13788 13776 13776 13788 13776 13776 13788 13776 13776 13776 13776 13788 13776 13788 13764 13800 13788 13800 13800 13788 13788 13788 13776 13788 13788 13776 13788 13776 13776 13788 13788 13812 13812 13788 13776 13764 13788 13800 13788 13776 13776 13812 13800 13776 13776 13788 13776 13776 13776 13776 13776 13776 13776 13776 13776 13776 13776 13776 ]
[ 5520 6648 6840 6852 6888 6900 6900 6900 6900 6900 6900 6900 6900 6900 6900 6900 6900 6900 6900 6900 6900 6900 6900 6900 6900 6900 6900 6900 6900 6900 6900 6900 6900 6888 6900 6900 6900 6888 6900 6888 6900 6900 6900 6864 6876 6900 6900 6888 6900 6900 6900 6900 6900 6900 6900 6900 6900 6900 6900 6900 6900 6912 6900 6900 6900 6900 6900 6876 6888 6900 6900 6900 6900 6900 6900 6900 6900 6900 6900 6900 6900 6900 6900 6900 6900 6924 6900 6900 6900 6900 6912 6924 6924 6900 6924 6924 6924 6888 6924 6900 6912 6900 6912 6936 6900 6900 6924 6912 6900 6888 6924 6900 6924 6852 6852 6888 6900 6900 6900 6900 ]
];
sensors_y = [
[ 2868 4728 4872 4884 4884 4884 4896 4896 4896 4896 4908 4884 4896 4908 4920 4920 4920 4920 4920 4920 4956 4908 4920 4908 4920 4920 4932 4932 4920 4932 4932 4932 4932 4932 4944 4944 4920 4932 4932 4932 4968 4920 4932 4932 4920 4932 4968 4932 4920 4968 4956 4956 4968 4968 4980 5004 4980 4968 4944 4968 4968 5028 5016 4980 4968 4980 4980 4968 4932 4980 4944 4968 4980 4980 4932 4956 4944 4944 4968 4956 4968 4980 4980 4980 4980 4980 4980 4968 4968 4932 4968 4980 4992 4956 5016 4980 5004 4956 4980 4980 4968 4992 4956 4956 4980 4968 4956 4980 5016 4980 4980 4980 4968 4956 5016 4968 4980 4968 4968 4968 ]
[ 64504 972 1368 1452 1440 1476 1488 1488 1500 1500 1500 1500 1500 1500 1512 1512 1524 1524 1512 1524 1536 1524 1524 1524 1536 1536 1524 1536 1536 1560 1560 1560 1536 1560 1560 1560 1572 1560 1572 1560 1596 1596 1596 1536 1548 1560 1584 1536 1584 1584 1596 1584 1596 1596 1572 1596 1596 1596 1584 1596 1596 1632 1596 1596 1596 1596 1596 1596 1596 1572 1596 1584 1596 1596 1584 1596 1560 1584 1572 1584 1584 1596 1596 1596 1584 1596 1584 1596 1584 1584 1584 1596 1596 1584 1596 1584 1596 1596 1596 1596 1596 1596 1596 1596 1596 1596 1596 1596 1584 1596 1596 1596 1584 1596 1620 1596 1596 1596 1596 1596 ]
[ 384 1764 2172 2256 2304 2328 2340 2340 2352 2352 2352 2352 2340 2352 2352 2376 2376 2364 2376 2376 2400 2376 2364 2352 2400 2364 2364 2364 2388 2364 2376 2376 2352 2376 2376 2376 2376 2376 2376 2388 2400 2412 2388 2364 2364 2376 2400 2364 2388 2412 2412 2400 2412 2412 2400 2400 2388 2412 2412 2400 2412 2424 2412 2400 2376 2388 2400 2400 2412 2400 2400 2400 2400 2388 2376 2412 2388 2376 2388 2400 2400 2412 2412 2412 2400 2412 2412 2400 2388 2400 2400 2412 2412 2412 2412 2412 2424 2412 2412 2424 2412 2424 2424 2412 2424 2424 2424 2412 2424 2424 2424 2424 2424 2424 2424 2424 2424 2424 2424 2424 ]
[ 64408 64480 64552 64564 64600 64612 64612 64612 64612 64612 64612 64612 64612 64612 64612 64612 64612 64612 64612 64612 64612 64612 64612 64612 64612 64612 64612 64612 64612 64612 64612 64612 64612 64600 64612 64612 64612 64600 64612 64600 64612 64612 64612 64576 64588 64612 64612 64600 64612 64612 64612 64612 64612 64612 64612 64612 64612 64612 64612 64612 64612 64624 64612 64612 64612 64612 64612 64612 64600 64612 64612 64612 64612 64612 64612 64612 64612 64612 64612 64612 64612 64612 64612 64612 64612 64636 64612 64612 64612 64612 64624 64660 64636 64612 64636 64636 64660 64624 64636 64660 64672 64684 64672 64648 64684 64684 64636 64624 64684 64696 64660 64684 64636 64708 64732 64696 64684 64684 64684 64684 ]
];
house_keep = [
[ 38958 38957 38954 38954 38949 38951 38953 0 ]
[ 32650 32652 32650 32649 32647 32650 32651 0 ]
[ 38951 38952 38949 38948 38950 38948 38951 0 ]
[ 50196 50225 50248 50281 50314 50345 50368 0 ]
[ 50196 50225 50248 50281 50314 50345 50368 0 ]
];
config = [309 616 2 1 0 ]