sensors_x = [
[ 19476 19116 19056 19056 19056 19056 19056 19044 19056 19044 19044 19056 19044 19056 19044 19044 19044 19056 19056 19044 19068 19068 19044 19056 19068 19044 19032 19044 19044 19056 19020 19032 19044 19044 19032 19044 19044 19044 19044 19044 19044 19044 19044 19032 19020 19044 19008 19044 19032 19032 19056 19020 19008 19044 19020 19044 19008 19008 19008 19008 19032 19020 19008 19008 19008 19056 19044 19008 19020 19008 19020 19020 19008 19008 18996 19008 19008 19008 19008 19032 19044 19008 19032 19008 19008 19008 19020 19020 19032 19020 19044 19044 19020 19044 19020 18996 19008 19020 19020 19044 19020 19044 19020 19044 19020 19032 19044 19020 19032 19032 19044 19044 19020 19044 19008 19044 19044 19044 19008 19020 ]
[ 17148 19308 19296 19272 19284 19272 19272 19272 19272 19272 19272 19272 19272 19284 19284 19284 19272 19284 19284 19284 19284 19284 19284 19284 19272 19284 19284 19284 19284 19296 19296 19284 19284 19284 19284 19284 19284 19284 19284 19272 19284 19284 19284 19284 19284 19284 19284 19284 19284 19284 19296 19284 19284 19284 19284 19296 19272 19284 19296 19296 19284 19284 19284 19284 19284 19296 19284 19284 19284 19284 19284 19284 19284 19284 19284 19284 19284 19260 19284 19272 19284 19284 19272 19272 19284 19272 19284 19284 19296 19284 19284 19284 19284 19284 19272 19272 19272 19248 19272 19272 19272 19284 19272 19272 19284 19284 19284 19284 19272 19284 19284 19284 19284 19260 19272 19284 19284 19284 19272 19284 ]
[ 11592 13656 13836 13860 13848 13848 13848 13848 13824 13848 13836 13836 13836 13848 13836 13836 13836 13848 13848 13836 13848 13836 13860 13848 13824 13848 13836 13836 13836 13848 13848 13884 13848 13848 13848 13836 13836 13848 13848 13824 13848 13848 13848 13848 13848 13848 13872 13848 13848 13848 13848 13884 13848 13848 13848 13836 13848 13848 13848 13860 13848 13848 13848 13848 13824 13848 13848 13848 13872 13836 13848 13848 13836 13848 13848 13860 13860 13824 13848 13848 13848 13848 13848 13848 13860 13836 13848 13848 13908 13848 13824 13812 13848 13836 13836 13848 13836 13812 13836 13824 13836 13848 13848 13824 13824 13848 13824 13848 13848 13836 13848 13860 13848 13836 13860 13848 13836 13836 13812 13824 ]
[ 5496 6636 6804 6888 6900 6900 6900 6900 6864 6876 6852 6900 6876 6864 6780 6852 6900 6900 6864 6852 6828 6852 6948 6888 6912 6876 6852 6852 6864 6876 6876 6876 6876 6864 6888 6876 6888 6888 6900 6864 6852 6852 6888 6864 6852 6888 6864 6852 6840 6864 6912 6876 6876 6876 6864 6888 6876 6864 6864 6864 6852 6852 6876 6900 6864 6852 6888 6864 6876 6828 6876 6828 6864 6876 6888 6876 6876 6864 6864 6852 6864 6864 6852 6864 6852 6852 6852 6852 6876 6864 6840 6852 6852 6864 6876 6864 6864 6852 6852 6864 6852 6864 6852 6864 6852 6852 6864 6852 6852 6852 6852 6852 6852 6852 6852 6852 6852 6876 6876 6864 ]
];
sensors_y = [
[ 2868 4740 4896 4896 4896 4896 4920 4932 4932 4932 4932 4944 4932 4944 4956 4956 4932 4944 4944 4932 4956 4956 4980 4968 4956 4956 4992 4980 4980 4956 5028 4992 4980 4992 4992 4992 4980 4980 4992 4980 4992 4980 4980 4992 5004 4992 5016 4980 4992 5004 4968 5028 5016 4980 5004 4944 5016 5016 5016 5016 4992 5004 5016 5016 5016 4980 4992 5016 5004 5016 5028 5004 5016 5016 5004 5016 5016 5016 5016 4992 4992 5016 4992 5016 5016 5016 5004 5016 5040 5004 4980 4980 5004 4980 5016 5004 5016 5028 5004 4980 5004 4992 5004 4980 5004 5004 4980 5004 4992 4992 4980 4980 5004 4980 5016 4980 4980 4932 5016 5004 ]
[ 64456 924 1368 1416 1428 1440 1464 1488 1464 1488 1488 1488 1488 1500 1500 1500 1488 1500 1500 1500 1500 1500 1500 1500 1488 1500 1500 1500 1512 1512 1560 1548 1524 1500 1500 1524 1524 1524 1524 1512 1524 1524 1524 1524 1524 1524 1524 1524 1524 1524 1512 1548 1524 1536 1524 1512 1512 1524 1560 1536 1524 1524 1524 1524 1524 1524 1524 1524 1524 1524 1548 1524 1524 1524 1524 1524 1524 1548 1524 1536 1524 1524 1536 1536 1524 1536 1524 1524 1560 1524 1524 1524 1524 1524 1536 1560 1536 1536 1536 1512 1536 1524 1512 1512 1524 1524 1524 1524 1536 1524 1524 1524 1524 1524 1512 1524 1524 1512 1536 1524 ]
[ 312 1656 2124 2196 2208 2232 2232 2232 2232 2232 2244 2244 2244 2256 2244 2244 2244 2256 2256 2244 2256 2244 2268 2256 2232 2256 2244 2244 2244 2256 2304 2292 2256 2256 2256 2244 2244 2256 2256 2232 2256 2256 2256 2256 2256 2256 2280 2256 2256 2256 2256 2292 2256 2256 2256 2244 2256 2256 2280 2268 2256 2256 2256 2256 2232 2256 2256 2256 2280 2268 2268 2256 2268 2256 2256 2268 2292 2280 2256 2256 2256 2256 2256 2256 2268 2268 2256 2256 2328 2256 2232 2244 2256 2268 2268 2280 2268 2292 2268 2232 2244 2280 2256 2232 2232 2256 2232 2256 2256 2244 2256 2268 2256 2268 2292 2256 2268 2244 2256 2232 ]
[ 64384 64396 64468 64480 64492 64516 64492 64492 64480 64540 64564 64492 64540 64576 64600 64564 64492 64516 64552 64564 64564 64564 64468 64576 64480 64588 64564 64564 64576 64588 64588 64588 64588 64552 64528 64552 64552 64528 64492 64552 64564 64564 64528 64576 64564 64480 64552 64540 64528 64552 64480 64588 64588 64492 64552 64480 64516 64552 64576 64552 64564 64540 64552 64564 64552 64564 64504 64576 64588 64564 64588 64528 64576 64588 64588 64588 64588 64528 64528 64564 64552 64552 64564 64552 64564 64564 64564 64564 64588 64576 64528 64564 64564 64576 64588 64576 64576 64564 64564 64552 64564 64576 64564 64576 64564 64564 64552 64564 64564 64564 64564 64564 64564 64564 64564 64564 64564 64516 64588 64576 ]
];
house_keep = [
[ 38962 38962 38962 38960 38956 38955 38961 0 ]
[ 32657 32653 32655 32654 32656 32651 32654 0 ]
[ 38954 38954 38955 38955 38952 38954 38954 0 ]
[ 49817 49869 49922 49966 50001 50053 50082 0 ]
[ 49817 49869 49922 49966 50001 50053 50082 0 ]
];
config = [309 616 2 1 0 ]