sensors_x = [
[ 19488 19116 19044 19044 19032 19044 19032 19044 19044 19044 19032 19044 19032 19044 19044 19044 19032 19044 19044 19044 19068 19032 19032 19044 19020 19044 19020 19008 18984 19008 19008 19032 19008 19032 18996 19044 19020 19020 19032 19008 18996 19008 19020 18996 18984 19008 18996 18996 19008 19008 18996 18984 18996 19008 18996 18996 19008 18984 18996 18996 19008 19020 19008 19008 19020 19008 19020 19020 18996 19020 19020 19020 19020 18996 19020 19020 19020 19008 18996 19008 19020 19020 19020 18996 19020 19008 19008 18996 19008 18996 19020 19020 19008 19020 19008 19008 19008 19008 19008 18984 18996 18996 18996 19008 18996 19008 18996 18996 18996 19008 19008 18996 19008 19008 19008 19020 18996 18996 19008 18984 ]
[ 17148 19308 19260 19284 19272 19272 19284 19260 19260 19260 19260 19248 19248 19248 19260 19248 19236 19236 19236 19236 19236 19248 19224 19236 19236 19236 19236 19236 19236 19236 19236 19236 19260 19236 19236 19236 19236 19236 19236 19236 19236 19236 19236 19236 19236 19260 19236 19260 19260 19236 19248 19260 19272 19248 19248 19248 19260 19260 19236 19248 19260 19260 19284 19260 19272 19272 19272 19260 19260 19260 19272 19284 19260 19260 19272 19272 19272 19272 19272 19272 19260 19284 19272 19284 19260 19272 19272 19272 19260 19272 19272 19236 19272 19272 19260 19272 19284 19284 19272 19248 19248 19248 19248 19248 19248 19248 19260 19236 19248 19272 19260 19248 19248 19248 19248 19260 19248 19248 19260 19248 ]
[ 11544 13572 13788 13788 13800 13800 13800 13764 13776 13776 13752 13764 13752 13764 13752 13752 13752 13752 13752 13752 13752 13764 13740 13752 13728 13728 13728 13728 13728 13728 13728 13716 13740 13716 13716 13728 13728 13728 13716 13716 13716 13704 13716 13716 13716 13692 13716 13728 13728 13728 13692 13728 13692 13656 13728 13764 13740 13740 13704 13740 13740 13740 13728 13752 13764 13740 13740 13740 13752 13728 13728 13728 13728 13740 13728 13740 13752 13740 13740 13740 13740 13728 13716 13704 13752 13752 13728 13728 13704 13728 13728 13740 13728 13716 13728 13716 13728 13740 13716 13716 13716 13716 13728 13728 13740 13716 13716 13728 13704 13740 13740 13740 13728 13740 13740 13752 13752 13740 13680 13716 ]
[ 5520 6648 6876 6924 6876 6900 6900 6900 6888 6900 6900 6900 6900 6900 6876 6876 6876 6900 6876 6900 6876 6900 6888 6900 6876 6900 6876 6804 6876 6888 6876 6888 6864 6876 6876 6876 6876 6876 6876 6876 6876 6900 6888 6876 6876 6852 6900 6864 6900 6876 6852 6876 6840 6840 6876 6912 6876 6876 6876 6864 6876 6876 6852 6876 6888 6876 6876 6888 6876 6876 6864 6888 6876 6876 6876 6888 6888 6876 6912 6876 6876 6876 6876 6876 6900 6900 6876 6876 6876 6888 6876 6864 6876 6900 6876 6900 6876 6900 6900 6888 6876 6840 6888 6900 6900 6876 6876 6888 6876 6888 6876 6876 6876 6876 6888 6876 6876 6876 6864 6864 ]
];
sensors_y = [
[ 2880 4740 4884 4884 4920 4884 4872 4908 4884 4908 4896 4908 4896 4908 4932 4932 4896 4932 4932 4932 4956 4920 4968 4980 4956 4980 4992 4992 4992 5016 4992 4968 5016 4968 5004 4980 5004 5004 4992 5016 5004 4992 5004 5004 4992 5016 5004 5004 5016 5016 5004 4992 5004 5040 5004 5004 5016 4992 5004 5004 5016 5028 5016 5016 5028 5016 5028 5028 5028 5028 5028 5028 5028 5004 5028 5052 5028 5016 5004 5016 5028 5028 5028 5028 5028 5040 5016 5004 5016 5004 5028 5052 5016 5028 5040 5040 5016 5016 5016 5016 5004 5028 5028 5016 5028 5040 5028 5028 5028 5040 5040 5028 5040 5040 5040 5028 5028 5028 5016 5016 ]
[ 64516 1044 1452 1524 1584 1584 1572 1596 1596 1596 1596 1608 1608 1608 1632 1644 1644 1644 1644 1644 1644 1632 1656 1668 1668 1668 1668 1668 1668 1668 1668 1668 1692 1668 1668 1668 1668 1668 1668 1668 1668 1668 1668 1668 1668 1692 1668 1692 1692 1668 1680 1692 1704 1704 1680 1752 1692 1692 1668 1680 1692 1692 1716 1692 1728 1704 1704 1692 1692 1692 1704 1716 1692 1692 1704 1728 1704 1704 1704 1704 1692 1716 1704 1728 1692 1704 1704 1704 1692 1704 1704 1764 1740 1704 1740 1728 1716 1716 1704 1752 1752 1752 1752 1752 1752 1752 1740 1740 1752 1728 1752 1752 1752 1752 1752 1752 1752 1752 1692 1752 ]
[ 456 1860 2292 2412 2448 2448 2460 2484 2472 2472 2472 2496 2496 2484 2496 2496 2496 2496 2496 2508 2496 2484 2508 2520 2520 2520 2520 2520 2544 2520 2520 2532 2556 2532 2532 2520 2520 2544 2532 2532 2532 2520 2532 2532 2532 2508 2532 2544 2544 2544 2508 2544 2532 2568 2544 2580 2556 2556 2520 2556 2556 2556 2544 2568 2580 2556 2556 2556 2568 2544 2544 2544 2544 2556 2544 2556 2568 2556 2556 2556 2556 2544 2532 2520 2568 2568 2544 2544 2520 2544 2544 2580 2544 2532 2544 2532 2544 2556 2532 2532 2532 2532 2544 2544 2556 2532 2532 2544 2520 2556 2556 2556 2544 2556 2556 2568 2568 2556 2496 2532 ]
[ 64480 64552 64612 64672 64708 64684 64684 64684 64696 64684 64684 64684 64684 64684 64708 64708 64708 64684 64708 64684 64708 64684 64696 64684 64708 64684 64708 64804 64732 64696 64708 64696 64744 64708 64708 64708 64708 64708 64708 64708 64708 64684 64708 64708 64708 64732 64732 64720 64732 64708 64732 64708 64720 64744 64708 64744 64720 64708 64708 64720 64720 64708 64732 64708 64708 64708 64708 64696 64708 64708 64720 64708 64708 64708 64708 64720 64708 64708 64672 64708 64708 64708 64708 64708 64684 64684 64708 64708 64708 64696 64708 64720 64708 64684 64708 64684 64708 64684 64684 64696 64708 64720 64696 64684 64684 64708 64708 64696 64708 64696 64708 64708 64708 64708 64720 64708 64708 64708 64696 64720 ]
];
house_keep = [
[ 38953 38955 38954 38957 38953 38954 38955 0 ]
[ 32651 32646 32652 32649 32648 32646 32648 0 ]
[ 38949 38948 38950 38952 38950 38950 38950 0 ]
[ 50368 50370 50411 50440 50449 50483 50501 0 ]
[ 50368 50370 50411 50440 50449 50483 50501 0 ]
];
config = [309 616 2 1 0 ]