sensors_x = [
[ 19500 19080 18996 19020 19032 19044 19056 19044 19056 19044 19056 19044 19032 19056 19044 19056 19056 19056 19044 19032 19056 19056 19044 19056 19056 19032 19044 19056 19044 19032 19032 19032 19044 19044 19056 19044 19032 19032 19056 19056 19044 19044 19044 19056 19044 19056 19044 19032 19032 19044 19044 19044 19044 19032 19032 19032 19044 19032 19032 19044 19032 19044 19044 19020 19032 19032 19032 19032 19032 19032 19044 19056 19044 19044 19056 19056 19032 19044 19056 19056 19044 19056 19044 19044 19044 19056 19044 19056 19044 19056 19020 19032 19044 19044 19032 19032 19044 19056 19056 19032 19068 19044 19032 19032 19056 19056 19056 19044 19020 19044 19044 19044 19032 19056 19044 19056 19068 19044 19044 19044 ]
[ 17136 19308 19296 19272 19272 19272 19272 19260 19260 19272 19272 19260 19260 19272 19272 19284 19272 19272 19272 19284 19284 19272 19284 19284 19284 19284 19284 19272 19284 19260 19272 19272 19260 19260 19284 19272 19272 19272 19272 19284 19272 19272 19284 19272 19260 19260 19296 19260 19260 19272 19272 19272 19272 19272 19272 19260 19272 19260 19284 19272 19272 19272 19272 19272 19272 19272 19272 19272 19272 19272 19260 19272 19284 19272 19272 19272 19272 19260 19260 19272 19284 19284 19260 19260 19272 19272 19272 19272 19272 19272 19272 19272 19284 19284 19284 19272 19260 19284 19272 19272 19284 19272 19272 19272 19260 19284 19260 19260 19224 19284 19272 19248 19260 19260 19260 19272 19260 19248 19236 19236 ]
[ 11556 13596 13824 13824 13824 13824 13800 13800 13800 13812 13800 13800 13764 13788 13788 13788 13788 13776 13788 13776 13788 13788 13788 13776 13788 13776 13788 13776 13776 13788 13788 13776 13788 13776 13776 13776 13776 13776 13776 13776 13776 13776 13776 13776 13776 13776 13788 13776 13776 13776 13776 13776 13776 13776 13788 13776 13776 13800 13776 13776 13776 13776 13788 13788 13776 13776 13788 13776 13788 13776 13776 13776 13776 13776 13776 13776 13776 13776 13788 13776 13776 13788 13788 13788 13788 13776 13776 13776 13788 13776 13776 13776 13776 13776 13788 13776 13776 13788 13776 13776 13776 13776 13776 13788 13764 13776 13788 13788 13776 13812 13788 13752 13800 13788 13776 13776 13776 13776 13776 13776 ]
[ 5520 6648 6840 6900 6900 6924 6924 6912 6912 6924 6924 6924 6900 6900 6936 6936 6924 6924 6924 6888 6924 6912 6924 6936 6924 6936 6936 6936 6936 6924 6936 6936 6924 6900 6912 6912 6912 6924 6936 6900 6900 6912 6912 6924 6924 6936 6912 6936 6924 6924 6924 6936 6924 6900 6924 6936 6924 6900 6924 6924 6900 6924 6900 6924 6900 6936 6924 6936 6924 6900 6912 6924 6924 6924 6912 6924 6912 6912 6924 6888 6900 6924 6912 6924 6924 6924 6888 6924 6936 6924 6924 6900 6924 6924 6936 6924 6924 6924 6912 6924 6924 6936 6924 6936 6900 6900 6924 6924 6900 6924 6912 6900 6924 6912 6900 6924 6900 6924 6900 6900 ]
];
sensors_y = [
[ 2844 4704 4836 4860 4872 4884 4896 4884 4896 4884 4896 4884 4872 4896 4884 4896 4896 4896 4884 4920 4896 4896 4884 4896 4896 4896 4908 4896 4884 4896 4896 4896 4908 4908 4920 4908 4896 4896 4920 4920 4908 4908 4932 4932 4932 4920 4908 4920 4920 4932 4932 4932 4932 4920 4920 4920 4932 4944 4920 4956 4920 4956 4932 4932 4944 4920 4944 4920 4920 4896 4932 4944 4932 4932 4956 4944 4920 4932 4956 4920 4932 4944 4932 4956 4908 4920 4908 4944 4932 4944 4908 4920 4932 4932 4896 4920 4908 4944 4944 4920 4956 4944 4908 4920 4920 4944 4944 4956 5004 4932 4980 4932 4944 4980 4932 4920 4932 4956 4956 4980 ]
[ 64504 948 1368 1416 1440 1488 1464 1476 1476 1488 1488 1476 1476 1488 1488 1500 1512 1512 1512 1548 1500 1512 1524 1536 1524 1524 1536 1536 1524 1524 1536 1536 1500 1572 1548 1536 1560 1536 1560 1536 1536 1560 1572 1584 1572 1572 1536 1572 1572 1596 1584 1584 1584 1584 1584 1596 1584 1596 1584 1584 1584 1584 1584 1584 1584 1584 1584 1584 1584 1536 1548 1560 1584 1584 1584 1584 1572 1548 1548 1584 1572 1584 1572 1596 1560 1584 1560 1584 1584 1584 1560 1560 1572 1584 1572 1584 1548 1572 1584 1584 1572 1584 1584 1584 1548 1572 1596 1596 1608 1572 1584 1620 1596 1596 1596 1584 1596 1620 1620 1620 ]
[ 420 1812 2208 2316 2328 2400 2376 2376 2376 2364 2376 2400 2364 2388 2412 2412 2412 2424 2412 2424 2388 2412 2412 2424 2412 2424 2412 2424 2424 2412 2436 2424 2412 2424 2424 2424 2424 2424 2424 2424 2424 2424 2424 2424 2424 2424 2412 2424 2424 2424 2424 2424 2424 2424 2424 2424 2424 2424 2424 2424 2424 2424 2436 2436 2424 2424 2436 2424 2436 2424 2424 2424 2424 2424 2424 2424 2424 2424 2436 2424 2424 2436 2436 2436 2436 2424 2424 2424 2436 2424 2424 2424 2424 2424 2436 2424 2424 2436 2424 2424 2424 2424 2424 2436 2412 2424 2436 2460 2472 2412 2436 2448 2448 2436 2436 2424 2424 2472 2472 2472 ]
[ 64408 64528 64552 64612 64612 64660 64636 64648 64624 64636 64636 64636 64612 64612 64648 64648 64636 64636 64660 64696 64636 64672 64636 64648 64672 64648 64648 64648 64648 64660 64648 64648 64636 64684 64672 64672 64672 64636 64648 64684 64684 64672 64684 64636 64660 64648 64624 64648 64636 64636 64660 64648 64636 64612 64636 64648 64636 64684 64660 64660 64684 64660 64684 64636 64684 64648 64636 64648 64636 64612 64624 64636 64636 64660 64672 64636 64636 64624 64660 64600 64612 64636 64624 64636 64636 64636 64600 64636 64672 64636 64636 64612 64636 64636 64648 64636 64636 64636 64624 64636 64660 64648 64636 64648 64612 64684 64636 64660 64684 64636 64672 64684 64660 64684 64684 64636 64660 64636 64684 64684 ]
];
house_keep = [
[ 38954 38956 38958 38954 38953 38952 38956 0 ]
[ 32649 32648 32651 32651 32649 32648 32649 0 ]
[ 38948 38950 38953 38950 38949 38949 38952 0 ]
[ 50295 50318 50340 50378 50416 50432 50452 0 ]
[ 50295 50318 50340 50378 50416 50432 50452 0 ]
];
config = [309 616 2 1 0 ]