sensors_x = [
[ 19488 19104 19032 19020 19044 19056 19056 19056 19056 19056 19056 19056 19056 19056 19056 19056 19044 19056 19056 19056 19056 19068 19056 19044 19056 19056 19056 19056 19056 19056 19056 19056 19056 19044 19056 19056 19056 19044 19056 19044 19044 19044 19044 19044 19044 19044 19056 19056 19056 19032 19044 19056 19056 19056 19056 19056 19056 19056 19044 19056 19044 19056 19008 19044 19044 19056 19044 19044 19044 19044 19056 19056 19068 19044 19044 19056 19044 19032 19056 19056 19056 19056 19032 19056 19056 19044 19044 19056 19056 19044 19044 19044 19044 19044 19032 19032 19068 19044 19056 19056 19032 19032 19044 19068 19044 19044 19044 19044 18996 19020 19032 19008 19008 19020 19008 19020 19044 19032 19056 19032 ]
[ 17148 19284 19308 19296 19284 19284 19284 19272 19272 19272 19260 19272 19296 19272 19260 19260 19260 19272 19260 19260 19260 19260 19260 19260 19272 19260 19272 19272 19272 19272 19272 19260 19272 19260 19260 19272 19272 19260 19272 19260 19260 19260 19272 19272 19272 19272 19272 19272 19260 19272 19260 19272 19272 19272 19272 19272 19272 19272 19272 19272 19272 19272 19284 19272 19272 19272 19272 19272 19272 19272 19272 19272 19296 19272 19272 19272 19272 19248 19272 19272 19272 19284 19284 19272 19272 19272 19284 19272 19272 19284 19284 19284 19284 19284 19272 19272 19272 19272 19260 19284 19284 19272 19284 19284 19284 19260 19260 19260 19260 19248 19248 19236 19236 19260 19248 19248 19272 19248 19272 19260 ]
[ 11568 13620 13896 13908 13884 13872 13896 13860 13860 13860 13884 13836 13884 13860 13836 13836 13836 13848 13836 13860 13836 13836 13848 13848 13836 13836 13836 13860 13836 13848 13848 13824 13836 13848 13836 13836 13848 13824 13848 13836 13824 13824 13848 13848 13848 13836 13824 13848 13836 13848 13848 13836 13836 13836 13848 13848 13848 13848 13848 13848 13836 13836 13824 13848 13848 13848 13860 13824 13848 13848 13848 13848 13848 13800 13836 13848 13848 13800 13848 13848 13860 13848 13836 13824 13824 13824 13824 13824 13824 13812 13824 13824 13800 13800 13800 13812 13788 13800 13788 13788 13788 13764 13764 13788 13788 13788 13788 13776 13788 13776 13776 13776 13776 13788 13800 13788 13800 13788 13800 13788 ]
[ 5496 6660 6852 6876 6876 6900 6852 6840 6852 6864 6852 6852 6912 6912 6852 6852 6864 6876 6852 6876 6852 6828 6852 6852 6864 6852 6852 6900 6852 6876 6876 6876 6864 6864 6852 6876 6864 6804 6876 6864 6876 6876 6852 6876 6852 6876 6876 6876 6864 6876 6864 6852 6864 6864 6864 6876 6852 6852 6852 6852 6852 6852 6900 6876 6876 6864 6900 6840 6852 6876 6876 6876 6876 6840 6864 6876 6876 6816 6864 6876 6876 6840 6864 6876 6876 6888 6828 6876 6876 6888 6900 6876 6900 6900 6876 6888 6900 6900 6900 6900 6900 6900 6900 6900 6900 6900 6900 6900 6900 6900 6900 6924 6912 6912 6900 6900 6900 6900 6900 6900 ]
];
sensors_y = [
[ 2856 4728 4872 4860 4884 4896 4896 4896 4896 4896 4896 4896 4896 4896 4896 4896 4884 4896 4896 4896 4920 4908 4896 4908 4896 4896 4920 4920 4920 4932 4920 4920 4920 4932 4920 4896 4920 4884 4920 4884 4908 4908 4908 4908 4932 4932 4920 4920 4920 4920 4932 4920 4920 4920 4920 4920 4920 4920 4908 4920 4908 4920 5016 4932 4932 4920 4932 4908 4908 4908 4920 4920 4956 4908 4908 4920 4908 4920 4920 4920 4920 4920 4920 4920 4920 4932 4932 4920 4920 4908 4932 4932 4932 4932 4968 4968 4956 4956 4944 4944 4968 4968 4980 4956 4980 4980 4980 4980 5004 5004 4968 5016 5016 5016 5016 5016 4980 4968 4980 4992 ]
[ 64420 900 1356 1368 1404 1404 1404 1416 1416 1416 1428 1416 1392 1416 1452 1452 1428 1440 1452 1452 1452 1452 1452 1452 1464 1452 1464 1488 1464 1488 1476 1476 1464 1476 1476 1488 1464 1452 1488 1476 1476 1476 1488 1488 1488 1488 1488 1488 1476 1488 1476 1488 1488 1488 1488 1488 1488 1488 1488 1488 1488 1488 1548 1488 1488 1488 1488 1488 1488 1488 1488 1488 1512 1488 1488 1488 1488 1512 1488 1488 1488 1500 1500 1512 1512 1512 1500 1512 1512 1524 1524 1524 1524 1524 1536 1536 1536 1560 1548 1572 1572 1584 1584 1584 1572 1596 1596 1596 1596 1608 1608 1644 1644 1632 1644 1608 1596 1608 1584 1596 ]
[ 288 1620 2064 2124 2172 2196 2208 2220 2220 2220 2220 2220 2196 2244 2220 2220 2220 2232 2220 2244 2220 2220 2232 2256 2244 2244 2244 2268 2244 2256 2256 2232 2244 2256 2244 2244 2256 2232 2256 2244 2232 2232 2256 2256 2256 2244 2232 2256 2244 2256 2256 2244 2244 2244 2256 2256 2256 2256 2256 2256 2268 2244 2328 2280 2256 2256 2268 2232 2256 2256 2280 2256 2304 2256 2268 2280 2280 2280 2280 2280 2268 2280 2292 2304 2328 2328 2328 2328 2328 2340 2328 2328 2352 2352 2352 2352 2364 2352 2364 2388 2364 2388 2388 2388 2412 2412 2412 2400 2412 2424 2424 2424 2424 2412 2424 2412 2376 2412 2388 2412 ]
[ 64384 64420 64444 64468 64528 64492 64516 64504 64564 64552 64564 64564 64480 64528 64564 64564 64552 64540 64564 64588 64564 64540 64540 64564 64576 64564 64564 64612 64564 64588 64588 64588 64576 64576 64564 64588 64576 64540 64588 64576 64588 64588 64564 64588 64564 64588 64588 64588 64576 64588 64576 64564 64576 64576 64576 64588 64564 64564 64564 64564 64564 64564 64612 64588 64588 64576 64612 64552 64564 64588 64588 64588 64588 64552 64576 64588 64588 64528 64576 64588 64588 64576 64576 64588 64588 64600 64564 64588 64588 64600 64612 64588 64612 64612 64588 64600 64612 64612 64612 64612 64612 64612 64612 64612 64612 64612 64612 64612 64612 64612 64612 64636 64624 64624 64612 64612 64612 64612 64612 64612 ]
];
house_keep = [
[ 38954 38960 38955 38957 38958 38960 38957 0 ]
[ 32648 32651 32653 32651 32654 32653 32652 0 ]
[ 38950 38954 38954 38953 38954 38952 38950 0 ]
[ 50060 50081 50130 50177 50197 50218 50226 0 ]
[ 50060 50081 50130 50177 50197 50218 50226 0 ]
];
config = [309 616 2 1 0 ]