sensors_x = [
[ 19176 19056 19068 19044 19044 19044 19056 19056 19032 19032 19032 19008 19020 19020 19032 19032 19020 19032 19020 19020 19020 19020 19020 19020 19020 19020 19020 19020 19020 19020 19020 19020 19020 19020 19020 19020 19020 19032 19032 19020 19020 19020 19020 19020 19020 19020 19020 19020 19020 19020 19020 19020 19020 19032 19020 19020 19020 19020 19020 19020 19020 19020 19020 19020 19020 19020 19020 19020 19020 19020 19020 19020 19020 19020 19020 19020 19020 19020 19020 19020 19020 19020 19020 19020 19020 19020 19020 19020 19020 19020 19020 19020 19020 19020 19032 19020 19020 19020 19020 19020 19032 19032 19020 19020 19020 19020 19020 19020 19020 19020 19032 19020 19020 19020 19020 19020 19020 19020 19020 19020 ]
[ 19380 19320 19284 19284 19272 19272 19284 19284 19296 19284 19284 19296 19296 19296 19296 19284 19296 19296 19284 19296 19284 19296 19284 19272 19272 19296 19284 19284 19272 19272 19272 19260 19260 19272 19284 19272 19272 19272 19272 19272 19272 19260 19272 19272 19272 19272 19272 19272 19272 19272 19272 19272 19272 19260 19284 19272 19272 19272 19272 19272 19272 19272 19272 19272 19272 19272 19272 19272 19272 19272 19272 19272 19272 19272 19272 19272 19272 19272 19272 19272 19272 19272 19272 19284 19272 19272 19272 19272 19272 19272 19272 19272 19284 19272 19272 19272 19272 19272 19272 19284 19272 19260 19272 19272 19284 19272 19272 19272 19272 19272 19272 19272 19272 19272 19260 19272 19272 19272 19260 19284 ]
[ 13260 13848 13860 13860 13860 13872 13860 13848 13848 13848 13848 13860 13860 13860 13872 13860 13848 13860 13860 13860 13860 13848 13860 13848 13860 13860 13860 13836 13824 13848 13848 13824 13848 13848 13860 13824 13860 13824 13812 13824 13824 13824 13824 13824 13836 13824 13824 13824 13824 13824 13812 13824 13824 13824 13824 13824 13824 13788 13812 13812 13824 13824 13812 13824 13812 13812 13824 13812 13812 13812 13812 13824 13824 13824 13812 13824 13812 13812 13812 13824 13812 13824 13812 13824 13824 13824 13824 13812 13824 13812 13824 13824 13824 13812 13824 13824 13824 13824 13824 13824 13824 13824 13824 13824 13848 13824 13824 13812 13824 13824 13824 13824 13824 13824 13824 13836 13824 13824 13824 13824 ]
[ 6444 6816 6888 6876 6888 6876 6852 6888 6900 6900 6900 6900 6900 6900 6900 6900 6900 6900 6900 6900 6900 6900 6900 6900 6900 6900 6900 6900 6900 6900 6900 6900 6924 6900 6900 6900 6924 6924 6924 6900 6900 6900 6900 6900 6900 6900 6900 6900 6900 6900 6900 6900 6900 6924 6900 6900 6900 6888 6924 6900 6924 6900 6924 6900 6900 6900 6900 6912 6900 6900 6900 6900 6888 6912 6924 6900 6912 6900 6900 6900 6888 6900 6912 6900 6900 6876 6888 6876 6900 6900 6900 6900 6900 6864 6804 6900 6900 6888 6876 6876 6876 6888 6900 6900 6864 6876 6888 6888 6876 6876 6864 6864 6900 6900 6888 6888 6876 6888 6876 6852 ]
];
sensors_y = [
[ 4500 4896 4908 4932 4932 4932 4944 4968 4992 4992 5016 5016 5028 5028 5016 4992 5028 5016 5028 5028 5028 5028 5028 5028 5028 5028 5028 5028 5028 5028 5028 5040 5028 5028 5028 5028 5028 5040 5040 5028 5028 5028 5028 5028 5028 5028 5028 5028 5028 5028 5028 5028 5028 5040 5028 5028 5028 5028 5028 5028 5028 5028 5028 5028 5028 5028 5028 5028 5028 5028 5028 5028 5028 5028 5028 5028 5028 5028 5028 5028 5028 5028 5028 5028 5028 5028 5028 5028 5028 5028 5028 5028 5028 5028 5040 5028 5028 5028 5028 5028 5040 5040 5028 5028 5028 5028 5028 5028 5028 5028 5040 5028 5028 5028 5028 5028 5028 5028 5028 5028 ]
[ 348 1320 1428 1476 1488 1488 1500 1500 1512 1524 1524 1524 1536 1536 1536 1524 1536 1536 1548 1560 1560 1560 1584 1584 1584 1572 1572 1572 1584 1584 1584 1608 1596 1584 1524 1584 1584 1608 1608 1584 1584 1596 1584 1584 1584 1584 1584 1584 1584 1608 1608 1584 1584 1620 1608 1584 1584 1584 1584 1584 1584 1584 1584 1584 1596 1584 1584 1584 1584 1584 1584 1584 1584 1584 1584 1584 1584 1584 1584 1584 1584 1584 1584 1584 1584 1584 1584 1584 1584 1584 1584 1584 1572 1584 1584 1584 1584 1584 1584 1584 1584 1596 1596 1584 1548 1584 1584 1584 1584 1584 1584 1584 1584 1584 1596 1584 1584 1584 1596 1572 ]
[ 1236 1968 2196 2244 2244 2244 2268 2256 2256 2256 2256 2268 2268 2268 2280 2268 2280 2292 2292 2292 2292 2280 2292 2280 2292 2292 2292 2316 2328 2304 2304 2328 2304 2304 2268 2328 2292 2340 2340 2328 2328 2328 2328 2328 2316 2328 2304 2328 2328 2328 2340 2328 2340 2352 2328 2328 2328 2352 2340 2340 2328 2328 2340 2328 2340 2340 2328 2340 2340 2340 2340 2328 2328 2328 2340 2328 2340 2340 2340 2328 2340 2328 2340 2328 2328 2328 2328 2340 2328 2340 2328 2328 2340 2340 2328 2328 2328 2328 2328 2328 2328 2328 2328 2328 2280 2328 2328 2316 2328 2328 2328 2328 2328 2328 2328 2316 2328 2328 2340 2328 ]
[ 64444 64504 64480 64588 64600 64588 64564 64600 64612 64612 64612 64612 64612 64612 64612 64612 64612 64612 64612 64612 64612 64612 64612 64612 64612 64612 64612 64612 64612 64612 64612 64612 64636 64612 64612 64612 64636 64636 64636 64612 64612 64612 64612 64612 64612 64612 64612 64612 64612 64612 64612 64612 64612 64636 64612 64612 64612 64600 64660 64612 64636 64612 64636 64612 64612 64612 64612 64624 64612 64612 64612 64612 64624 64624 64636 64612 64624 64612 64612 64612 64600 64612 64624 64612 64612 64588 64600 64588 64612 64612 64612 64612 64612 64576 64540 64612 64612 64600 64588 64588 64588 64600 64612 64612 64576 64588 64528 64600 64588 64588 64576 64600 64612 64612 64600 64600 64588 64600 64588 64564 ]
];
house_keep = [
[ 38962 38965 38962 38965 38962 38962 38961 0 ]
[ 32658 32658 32656 32656 32658 32661 32654 0 ]
[ 38959 38958 38954 38954 38957 38957 38955 0 ]
[ 49451 49525 49589 49642 49709 49761 49805 0 ]
[ 49451 49525 49589 49642 49709 49761 49805 0 ]
];
config = [309 616 2 1 0 ]