sensors_x = [
[ 18972 18984 18984 18984 18984 18984 18960 18960 18984 18972 18984 18960 18972 18972 18972 18972 18972 18972 18972 18948 18936 18948 18960 18960 18960 18960 18960 18948 18960 18948 18948 18960 18960 18948 18948 18960 18960 18948 18948 18960 18960 18948 18960 18948 18960 18960 18960 18948 18960 18960 18960 18960 18948 18960 18948 18960 18948 18948 18948 18948 18948 18948 18936 18960 18960 18960 18948 18948 18960 18948 18960 18948 18948 18948 18936 18960 18960 18948 18948 18936 18948 18960 18936 18936 18948 18948 18948 18936 18948 18936 18948 18960 18948 18936 18924 18948 18948 18948 18948 18936 18948 18948 18936 18948 18948 18948 18948 18948 18936 18924 18936 18936 18924 18948 18936 18936 18948 18936 18936 18936 ]
[ 19284 19260 19260 19248 19284 19260 19272 19248 19260 19272 19272 19260 19260 19272 19272 19272 19272 19272 19248 19248 19236 19248 19248 19248 19272 19248 19248 19260 19260 19260 19260 19260 19260 19260 19260 19260 19260 19260 19248 19236 19248 19248 19248 19248 19248 19248 19248 19248 19248 19248 19248 19236 19248 19272 19236 19248 19248 19248 19248 19248 19248 19248 19248 19248 19248 19248 19248 19248 19248 19248 19248 19248 19248 19248 19248 19284 19248 19248 19248 19248 19248 19248 19248 19248 19248 19248 19248 19248 19248 19248 19248 19248 19248 19248 19248 19248 19248 19248 19248 19248 19248 19260 19248 19248 19248 19248 19272 19248 19248 19260 19260 19248 19248 19260 19248 19248 19236 19248 19236 19260 ]
[ 13716 13728 13728 13716 13728 13740 13716 13716 13716 13716 13716 13716 13716 13716 13716 13716 13716 13716 13716 13716 13704 13716 13716 13716 13740 13716 13716 13716 13716 13716 13716 13704 13716 13716 13716 13716 13716 13716 13704 13716 13704 13704 13704 13716 13704 13704 13704 13704 13704 13704 13704 13704 13704 13716 13704 13704 13704 13692 13704 13704 13704 13704 13692 13704 13704 13704 13692 13704 13692 13692 13704 13692 13716 13704 13704 13716 13692 13704 13692 13692 13704 13692 13704 13704 13680 13752 13704 13704 13704 13704 13704 13656 13668 13692 13680 13668 13668 13692 13656 13668 13692 13692 13668 13668 13668 13644 13656 13632 13656 13656 13680 13656 13656 13668 13668 13668 13656 13656 13656 13668 ]
[ 6912 6900 6888 6900 6852 6840 6888 6876 6864 6888 6852 6852 6900 6900 6828 6876 6888 6888 6876 6900 6840 6888 6900 6888 6888 6900 6888 6888 6900 6900 6900 6900 6900 6888 6924 6912 6924 6900 6912 6900 6924 6912 6924 6924 6924 6924 6924 6924 6900 6912 6924 6900 6924 6900 6912 6924 6888 6888 6924 6924 6888 6912 6804 6864 6888 6900 6876 6864 6876 6876 6876 6828 6876 6864 6876 6900 6864 6864 6864 6852 6864 6864 6876 6876 6864 6888 6852 6840 6864 6888 6876 6840 6852 6864 6876 6876 6876 6876 6876 6876 6888 6864 6876 6876 6876 6876 6900 6876 6876 6876 6876 6876 6828 6888 6864 6876 6840 6876 6876 6828 ]
];
sensors_y = [
[ 5220 5208 5208 5208 5208 5208 5232 5232 5220 5220 5220 5232 5244 5244 5256 5244 5220 5256 5220 5268 5304 5268 5256 5256 5232 5256 5280 5268 5280 5268 5268 5280 5280 5268 5268 5280 5280 5268 5268 5280 5292 5268 5280 5268 5280 5292 5280 5292 5280 5292 5292 5280 5292 5256 5292 5304 5292 5292 5292 5316 5316 5292 5304 5280 5304 5304 5316 5292 5304 5292 5280 5292 5292 5292 5304 5256 5292 5316 5316 5304 5316 5280 5304 5304 5316 5292 5304 5304 5316 5328 5292 5280 5316 5304 5316 5316 5316 5316 5292 5304 5316 5316 5304 5316 5316 5316 5328 5316 5304 5316 5328 5304 5340 5316 5304 5304 5268 5304 5304 5328 ]
[ 1764 1740 1740 1752 1728 1740 1752 1752 1764 1776 1776 1764 1764 1776 1776 1776 1776 1788 1752 1800 1836 1800 1800 1800 1776 1800 1800 1836 1812 1812 1812 1836 1812 1812 1824 1824 1836 1836 1824 1836 1824 1848 1848 1848 1848 1836 1848 1848 1848 1848 1848 1836 1848 1776 1836 1848 1848 1848 1848 1848 1848 1848 1848 1848 1848 1848 1848 1848 1848 1848 1848 1860 1848 1848 1848 1812 1848 1848 1848 1848 1848 1848 1848 1848 1848 1848 1848 1848 1848 1848 1848 1848 1848 1848 1848 1848 1848 1848 1848 1848 1848 1908 1848 1848 1848 1848 1872 1848 1848 1860 1908 1860 1920 1908 1848 1848 1836 1860 1860 1908 ]
[ 2460 2460 2448 2460 2448 2460 2460 2460 2460 2460 2460 2460 2460 2460 2460 2460 2460 2460 2460 2460 2484 2460 2460 2460 2472 2460 2460 2460 2460 2460 2460 2472 2460 2460 2460 2460 2460 2460 2496 2460 2472 2472 2472 2472 2472 2472 2472 2472 2472 2472 2472 2472 2472 2460 2472 2472 2472 2484 2472 2496 2472 2472 2484 2472 2496 2472 2484 2496 2484 2484 2472 2508 2460 2496 2496 2460 2484 2496 2532 2508 2496 2484 2496 2520 2520 2544 2532 2496 2520 2544 2496 2520 2532 2532 2544 2556 2556 2532 2544 2556 2556 2580 2556 2556 2556 2532 2568 2544 2568 2580 2592 2568 2592 2580 2580 2580 2520 2568 2592 2604 ]
[ 64624 64612 64600 64612 64564 64576 64600 64588 64576 64600 64564 64564 64612 64612 64564 64612 64600 64600 64588 64612 64648 64600 64612 64600 64600 64612 64600 64600 64612 64612 64612 64612 64612 64600 64660 64624 64660 64612 64624 64612 64636 64636 64636 64636 64636 64660 64636 64636 64636 64636 64648 64636 64660 64612 64648 64660 64672 64672 64660 64660 64684 64672 64756 64696 64696 64684 64708 64696 64708 64708 64708 64732 64708 64720 64708 64684 64720 64720 64732 64732 64720 64720 64708 64708 64744 64720 64732 64720 64744 64744 64756 64744 64732 64744 64756 64756 64756 64756 64756 64756 64768 64744 64756 64756 64756 64756 64840 64756 64756 64756 64780 64756 64804 64768 64792 64756 64768 64816 64780 64828 ]
];
house_keep = [
[ 38990 38993 38992 38994 38989 38986 38990 0 ]
[ 32668 32669 32669 32669 32665 32665 32666 0 ]
[ 38979 38977 38977 38976 38974 38971 38973 0 ]
[ 48203 48316 48420 48517 48612 48704 48793 0 ]
[ 48203 48316 48420 48517 48612 48704 48793 0 ]
];
config = [309 616 2 1 0 ]