sensors_x = [
[ 25188 25176 25176 25164 25188 25164 25188 25164 25152 25152 25152 25092 25164 25128 25140 25128 25092 25092 25080 25092 25020 25056 25044 25056 25056 25056 25032 25008 25032 25056 25032 25068 25044 25068 25044 25056 25056 25092 25128 25092 25080 25104 25152 25128 25128 25044 25092 25200 25188 25188 25152 25152 25164 25176 25176 25176 25164 25164 25152 25164 25164 25128 25152 25128 25116 25116 25104 25116 25092 25092 25092 25068 25080 25068 25068 25068 25020 25032 25020 25020 25020 24996 25032 24996 25008 25020 25020 25044 25032 25056 25056 25068 25092 25056 25056 25092 25104 25116 25068 25128 25116 25092 25140 25176 25116 25164 25140 25152 25164 25152 25164 25164 25176 25176 25176 25164 25164 25152 25176 25188 ]
[ 25680 25716 25668 25668 25656 25668 25668 25692 25656 25644 25656 25644 25668 25656 25656 25644 25656 25644 25644 25644 25656 25644 25632 25632 25596 25632 25632 25632 25644 25620 25656 25620 25620 25632 25620 25608 25620 25608 25620 25644 25632 25632 25632 25632 25680 25512 25632 25680 25680 25704 25692 25656 25644 25680 25680 25656 25680 25656 25656 25656 25680 25680 25668 25668 25680 25680 25644 25656 25656 25656 25632 25632 25644 25632 25656 25668 25596 25644 25632 25632 25608 25608 25620 25632 25620 25620 25608 25644 25608 25596 25620 25644 25632 25620 25596 25632 25632 25632 25632 25632 25644 25632 25668 25656 25656 25680 25656 25656 25656 25692 25680 25668 25668 25668 25704 25644 25668 25668 25668 25656 ]
[ 19896 19908 19884 19860 19896 19920 19968 19944 19932 19896 19896 19920 19896 19956 19944 19944 19980 19944 19896 19944 19860 19944 19932 19932 19944 19920 19908 19920 19932 19932 19896 19896 19908 19920 19896 19944 19908 19932 19884 19896 19896 19884 19860 19884 19980 19944 19908 19860 19908 19908 19836 19896 19884 19872 19920 19884 19980 19896 19920 19920 19992 19920 19920 19896 19944 19932 19896 19968 19920 19980 19944 19920 19908 19932 19932 19920 19896 19920 19920 19920 19932 19908 19980 19872 19920 19920 19932 19920 19908 19908 19908 19896 19884 19920 19860 19884 19860 19860 19932 19884 19908 19908 19884 19956 19860 19968 19872 19896 19896 19848 19920 19884 19920 19932 19896 19920 19908 19944 19932 19884 ]
[ 15444 15384 15456 15384 15444 15456 15468 15396 15396 15372 15444 15396 15396 15396 15396 15384 15408 15408 15228 15396 15324 15348 15372 15264 15432 15348 15348 15288 15360 15324 15276 15396 15312 15384 15300 15348 15372 15372 15360 15384 15324 15396 15384 15336 15156 15504 15468 15420 15432 15600 15312 15300 15432 15360 15348 15456 15444 15372 15360 15408 15444 15372 15336 15348 15444 15384 15432 15288 15408 15468 15408 15372 15324 15408 15360 15360 15372 15348 15444 15348 15288 15372 15384 15276 15336 15396 15336 15348 15312 15360 15324 15384 15396 15324 15396 15384 15348 15348 15408 15396 15372 15384 15348 15432 15408 15468 15372 15372 15456 15432 15420 15372 15444 15420 15372 15420 15432 15408 15324 15408 ]
];
sensors_y = [
[ 63676 63688 63688 63652 63676 63652 63700 63676 63688 63688 63664 63676 63652 63700 63652 63712 63700 63700 63664 63676 63700 63712 63700 63664 63688 63712 63688 63664 63664 63688 63664 63652 63676 63652 63640 63640 63664 63652 63640 63676 63640 63664 63664 63616 63592 63580 63652 63616 63652 63628 63688 63640 63676 63712 63664 63688 63676 63676 63688 63676 63676 63688 63712 63688 63676 63676 63688 63700 63676 63676 63652 63676 63712 63676 63676 63724 63676 63688 63700 63700 63676 63676 63664 63700 63664 63652 63652 63664 63664 63688 63664 63676 63652 63664 63616 63640 63640 63652 63676 63664 63676 63676 63652 63688 63628 63676 63652 63664 63628 63664 63652 63676 63688 63688 63736 63676 63652 63664 63688 63676 ]
[ 62608 62644 62596 62620 62608 62620 62620 62644 62632 62620 62632 62620 62644 62632 62632 62644 62632 62620 62620 62644 62656 62620 62608 62584 62548 62632 62608 62584 62596 62548 62608 62572 62572 62584 62572 62560 62572 62560 62572 62548 62560 62584 62584 62584 62560 62560 62608 62608 62608 62608 62644 62608 62596 62680 62632 62584 62632 62632 62608 62632 62632 62632 62668 62644 62656 62656 62620 62632 62632 62632 62584 62632 62644 62608 62632 62644 62572 62620 62608 62608 62584 62584 62596 62584 62572 62572 62560 62572 62560 62548 62572 62572 62560 62572 62524 62560 62560 62560 62584 62608 62596 62584 62596 62608 62584 62608 62608 62608 62584 62572 62608 62596 62596 62620 62656 62620 62596 62620 62644 62632 ]
[ 62944 62932 62980 62932 62944 62920 62968 62968 62956 62920 62944 62920 62920 62932 62944 62944 62980 62944 62944 62968 63004 62968 62980 62932 62968 62944 62956 62968 62932 62932 62992 62968 62932 62920 62920 62920 62908 62932 62980 62944 62944 62932 62980 62932 62908 63040 62932 62980 62956 62956 62956 62968 62932 63040 62920 62956 62992 62968 62968 62968 62944 62944 63028 62944 62944 62956 62944 62980 62920 62908 62896 62944 62980 62980 62956 63016 62920 63004 62920 62944 62980 62908 62932 62992 62920 62920 62932 62920 62956 62956 62980 62968 62956 62944 62908 62956 62908 62908 62980 62956 62956 63004 62980 62980 62932 62944 62920 62968 62896 62920 62944 62932 62968 62908 63064 62968 62956 62908 62944 62908 ]
[ 62644 62656 62584 62656 62644 62608 62596 62620 62572 62596 62644 62548 62548 62644 62644 62560 62608 62608 62668 62656 62764 62692 62596 62632 62680 62572 62596 62560 62560 62572 62596 62620 62608 62512 62524 62548 62572 62572 62560 62512 62572 62572 62608 62560 62572 62512 62524 62500 62512 62428 62464 62476 62608 62704 62572 62704 62644 62620 62584 62632 62572 62620 62716 62620 62596 62632 62560 62728 62632 62524 62560 62596 62668 62608 62584 62776 62596 62692 62620 62644 62584 62524 62584 62668 62632 62488 62572 62548 62536 62560 62524 62584 62572 62596 62428 62560 62596 62524 62632 62596 62644 62584 62572 62632 62584 62596 62524 62596 62536 62512 62620 62596 62596 62560 62716 62548 62608 62560 62644 62560 ]
];
house_keep = [
[ 38317 38315 38317 38316 38316 38317 38319 0 ]
[ 32635 32640 32635 32634 32640 32635 32634 0 ]
[ 38156 38158 38157 38156 38156 38156 38152 0 ]
[ 26514 26572 26626 26674 26731 26795 26834 0 ]
[ 26514 26572 26626 26674 26731 26795 26834 0 ]
];
config = [309 616 2 1 0 ]