sensors_x = [
[ 25116 25092 25092 25080 25032 25068 25020 25080 25068 25008 25008 25044 25020 25032 25032 25020 25044 25056 25068 25092 25068 25068 25056 25092 25056 25068 25104 25128 25128 25128 25140 25176 25164 25140 25152 25188 25188 25140 25164 25164 25128 25128 25152 25128 25128 25128 25104 25068 25080 25068 25044 25044 25056 25056 25020 25032 25044 25044 25068 25056 25092 25092 25092 25092 25104 25140 25140 25116 25128 25164 25164 25164 25176 25176 25152 25176 25176 25164 25140 25140 25140 25128 25128 25116 25068 25068 25080 25068 25056 25080 25056 25032 25044 25044 25044 25056 25008 25044 25056 25068 25068 25092 25044 25068 25092 25116 25104 25140 25128 25152 25116 25152 25140 25164 25176 25176 25164 25164 25128 25152 ]
[ 25644 25668 25656 25644 25620 25632 25632 25656 25608 25596 25608 25632 25596 25620 25644 25596 25644 25608 25632 25620 25620 25620 25632 25656 25608 25644 25656 25632 25608 25644 25632 25644 25644 25668 25668 25668 25692 25644 25668 25644 25656 25668 25692 25644 25680 25644 25656 25644 25632 25632 25668 25632 25632 25608 25608 25608 25632 25608 25620 25632 25608 25632 25632 25620 25656 25644 25668 25644 25644 25656 25680 25668 25680 25668 25632 25668 25680 25692 25668 25644 25668 25656 25668 25656 25656 25644 25644 25620 25620 25644 25632 25608 25632 25632 25608 25620 25608 25632 25620 25632 25620 25608 25668 25620 25632 25584 25656 25704 25644 25644 25668 25656 25644 25656 25656 25668 25680 25656 25656 25656 ]
[ 19920 19944 19908 19920 19968 19884 19932 19920 19968 19884 19932 19932 19884 19956 19932 19956 19884 19884 19908 19896 19872 19884 19884 19932 19872 19884 19848 19872 19848 19944 19884 19896 19884 19908 19872 19848 19944 19956 19920 19920 19932 19920 19944 19932 19872 19944 19908 19920 19908 19944 19944 19920 19932 19908 19920 19884 19860 19896 19920 19848 19908 19872 19872 19884 19896 19872 19932 19884 19884 19896 19896 19896 19860 19896 19908 19944 19908 19944 19896 19920 19908 19932 19956 19932 19980 19908 19980 19932 19920 19908 19956 19908 19956 19932 19860 19908 19920 19932 19944 19848 19920 19896 19896 19908 19932 19860 19848 19872 19944 19908 19848 19908 19848 19872 19920 19920 19908 19908 19884 19932 ]
[ 15432 15348 15408 15288 15360 15408 15384 15360 15396 15324 15324 15324 15324 15360 15396 15312 15384 15312 15360 15348 15360 15336 15360 15336 15348 15420 15360 15396 15336 15372 15432 15408 15396 15420 15420 15384 15420 15372 15432 15420 15408 15336 15456 15396 15396 15360 15312 15384 15408 15372 15360 15336 15372 15312 15396 15408 15360 15396 15336 15324 15372 15324 15348 15300 15420 15396 15396 15348 15432 15408 15384 15372 15384 15420 15384 15432 15444 15408 15372 15360 15396 15408 15432 15396 15408 15372 15348 15408 15372 15360 15372 15324 15360 15336 15324 15360 15276 15336 15384 15348 15300 15360 15348 15372 15360 15312 15396 15348 15432 15444 15348 15360 15408 15372 15444 15372 15384 15348 15360 15384 ]
];
sensors_y = [
[ 63652 63652 63700 63712 63640 63700 63652 63736 63676 63664 63664 63676 63652 63664 63640 63652 63676 63664 63676 63652 63652 63676 63664 63676 63664 63628 63664 63640 63616 63640 63652 63664 63652 63676 63664 63676 63700 63652 63676 63652 63688 63664 63664 63664 63664 63664 63688 63700 63664 63676 63700 63676 63664 63664 63700 63688 63652 63628 63652 63664 63652 63652 63652 63652 63640 63628 63628 63628 63664 63676 63652 63628 63640 63640 63640 63712 63712 63700 63676 63724 63676 63676 63712 63700 63676 63700 63688 63652 63688 63688 63664 63688 63652 63676 63652 63688 63676 63652 63640 63676 63676 63628 63652 63676 63628 63628 63664 63676 63664 63664 63652 63664 63652 63652 63664 63688 63652 63652 63640 63688 ]
[ 62620 62620 62632 62620 62596 62608 62608 62632 62596 62572 62584 62608 62548 62572 62572 62548 62608 62560 62560 62548 62572 62572 62560 62584 62584 62596 62584 62560 62536 62548 62584 62620 62596 62596 62620 62620 62620 62596 62620 62620 62632 62620 62644 62620 62656 62620 62632 62644 62608 62608 62668 62632 62584 62584 62608 62560 62560 62560 62548 62608 62560 62560 62536 62548 62584 62548 62572 62572 62596 62584 62608 62596 62608 62620 62584 62620 62632 62668 62644 62620 62620 62608 62668 62656 62632 62620 62620 62596 62596 62596 62584 62584 62608 62584 62584 62572 62560 62560 62548 62560 62572 62560 62596 62572 62560 62536 62584 62608 62572 62572 62620 62584 62596 62584 62560 62620 62632 62608 62632 62632 ]
[ 62920 62920 62932 62968 62944 62908 62980 62968 62896 62908 62884 62932 62932 62956 62860 62980 62944 62932 62956 62956 62968 62884 62956 62992 62956 62908 62896 62944 62896 62968 62932 62920 62932 63028 62968 62920 62992 62956 62920 62896 62932 62968 62968 62932 62920 62920 62956 62944 62884 62920 62944 62944 62884 62908 62920 62908 62896 62944 62968 62944 62980 62932 62896 62920 62980 62920 62980 62908 62932 63016 62920 62968 62920 62920 62860 62944 62992 63064 62872 62968 62908 62932 62980 62956 62908 62932 62932 62908 62944 62932 62908 62908 62980 62956 62956 62932 62944 62956 62872 62944 62896 62944 62920 62980 62884 62884 62920 62944 62968 62932 62944 62932 62992 62920 62896 62944 62932 62908 62932 62932 ]
[ 62620 62620 62668 62596 62560 62584 62632 62728 62476 62620 62572 62596 62524 62608 62596 62656 62608 62560 62584 62572 62644 62512 62488 62572 62620 62572 62584 62548 62464 62548 62680 62584 62620 62644 62548 62584 62572 62548 62560 62572 62584 62608 62584 62536 62596 62608 62704 62632 62536 62572 62584 62632 62596 62560 62596 62536 62596 62596 62584 62548 62572 62548 62548 62548 62572 62476 62548 62524 62536 62488 62584 62548 62512 62620 62512 62596 62668 62800 62596 62560 62620 62560 62704 62596 62584 62668 62596 62584 62620 62608 62572 62596 62620 62584 62572 62560 62548 62608 62512 62548 62572 62548 62596 62548 62584 62464 62596 62644 62488 62548 62524 62608 62512 62644 62500 62572 62632 62500 62584 62608 ]
];
house_keep = [
[ 38314 38317 38318 38314 38312 38317 38317 0 ]
[ 32635 32633 32636 32636 32636 32640 32632 0 ]
[ 38154 38153 38154 38154 38154 38153 38153 0 ]
[ 26907 26953 26997 27041 27078 27132 27159 0 ]
[ 26907 26953 26997 27041 27078 27132 27159 0 ]
];
config = [309 616 2 1 0 ]