sensors_x = [
[ 25044 25020 25044 25032 25056 25020 24996 25020 25020 24984 24996 25080 25008 24960 25008 25020 25008 25020 24996 25020 25020 25020 25008 24996 25020 24996 25044 25020 25044 25008 25020 25008 25044 25008 25032 25032 25044 25080 25056 25068 25056 25080 25056 25032 25080 25056 25044 25056 25056 25068 25032 25056 25056 25092 25056 25092 25116 25092 25116 25092 ]
[ 25644 25632 25632 25656 25656 25632 25632 25632 25632 25632 25608 25656 25632 25596 25632 25644 25632 25632 25632 25632 25632 25620 25632 25620 25656 25632 25680 25620 25620 25644 25632 25656 25620 25608 25644 25644 25644 25680 25644 25644 25656 25680 25656 25656 25656 25620 25644 25644 25656 25644 25656 25644 25632 25680 25656 25680 25644 25632 25668 25656 ]
[ 19956 19932 19872 19896 20004 19944 19896 19932 19944 19872 19932 19980 19968 19908 19956 19896 19932 19968 19956 20004 19980 19968 19896 19872 19968 19908 19956 19920 19944 19932 19872 19944 19944 19884 19956 19956 19884 19968 19932 19932 19932 19932 19932 19968 19944 19968 19968 19956 19968 19944 19920 19980 19932 19968 19932 19968 20004 19932 19920 19992 ]
[ 15444 15324 15360 15348 15408 15360 15360 15312 15372 15240 15372 15432 15408 15336 15336 15360 15372 15384 15396 15396 15408 15324 15300 15372 15396 15396 15360 15396 15372 15420 15276 15336 15360 15336 15360 15384 15372 15444 15384 15348 15384 15396 15336 15384 15372 15348 15372 15360 15360 15360 15348 15360 15396 15348 15360 15300 15420 15432 15396 15396 ]
];
sensors_y = [
[ 63700 63676 63652 63688 63688 63676 63676 63652 63652 63712 63676 63736 63640 63640 63712 63676 63688 63676 63652 63700 63700 63700 63664 63676 63700 63700 63676 63676 63700 63712 63652 63688 63700 63712 63712 63688 63700 63688 63712 63700 63712 63712 63688 63688 63712 63664 63700 63664 63688 63676 63664 63664 63664 63676 63688 63700 63700 63700 63700 63676 ]
[ 62572 62608 62584 62608 62632 62584 62608 62584 62584 62608 62584 62632 62608 62572 62608 62620 62608 62608 62608 62632 62632 62596 62608 62620 62632 62608 62608 62620 62620 62644 62608 62632 62620 62608 62620 62620 62620 62632 62644 62620 62656 62656 62632 62632 62632 62644 62644 62620 62632 62620 62656 62644 62632 62656 62680 62632 62620 62632 62644 62632 ]
[ 63016 62980 62968 62968 63052 62992 62944 62956 62920 63040 62956 62980 62920 62932 63004 62944 63004 62968 62980 63028 62956 62968 62944 62944 63016 62980 62932 62992 62944 63004 62896 62968 62944 63004 62932 62968 62944 62920 62956 62956 62980 62980 62980 62968 62920 62992 63016 62956 62896 62968 62944 62932 62956 62992 62956 62908 62932 63004 62944 62968 ]
[ 62668 62620 62608 62596 62728 62656 62608 62632 62632 62752 62596 62680 62584 62560 62608 62632 62596 62656 62644 62692 62656 62620 62620 62620 62704 62620 62632 62620 62596 62716 62548 62608 62632 62788 62608 62632 62692 62644 62608 62620 62632 62692 62632 62632 62644 62692 62668 62656 62596 62608 62656 62584 62668 62644 62644 62620 62596 62608 62692 62644 ]
];
house_keep = [
[ 38334 38329 38333 0 ]
[ 32642 32644 32642 0 ]
[ 38170 38169 38169 0 ]
[ 25621 25712 25787 0 ]
[ 25621 25712 25787 0 ]
];
config = [309 616 2 1 0 ]