sensors_x = [
[ 25056 25056 25044 25092 25092 25068 25080 25104 25104 25140 25140 25128 25140 25140 25152 25188 25164 25200 25188 25152 25164 25188 25176 25188 25176 25200 25188 25212 25188 25224 25224 25200 25200 25176 25188 25164 25176 25176 25140 25164 25176 25164 25128 25152 25140 25128 25140 25092 25104 25080 25080 25092 25068 25068 25080 25056 25044 25068 25068 25080 ]
[ 25656 25680 25668 25668 25644 25668 25668 25668 25680 25704 25668 25644 25680 25692 25668 25656 25704 25716 25668 25680 25680 25704 25680 25692 25680 25680 25680 25704 25692 25656 25632 25692 25680 25668 25680 25656 25656 25668 25668 25668 25632 25656 25680 25656 25656 25656 25656 25644 25680 25644 25644 25656 25620 25656 25656 25632 25644 25644 25644 25656 ]
[ 19944 19956 19920 19932 19932 19932 19956 19968 19980 19956 19932 19896 19896 19908 19884 19896 19932 20016 19944 19920 19908 19908 19884 19896 19872 19884 19920 19860 19908 19872 19896 19884 19872 19908 19872 19884 19896 19920 19896 19860 19884 19932 19860 19860 19884 19896 19872 19908 19896 19872 19848 19860 19812 19872 19920 19884 19896 19908 19908 19932 ]
[ 15396 15396 15384 15348 15324 15348 15384 15384 15372 15396 15396 15264 15288 15432 15312 15420 15420 15600 15360 15396 15408 15396 15444 15384 15432 15372 15456 15300 15456 15444 15456 15396 15432 15432 15336 15336 15408 15396 15384 15384 15348 15408 15444 15348 15360 15444 15396 15372 15408 15360 15312 15360 15360 15384 15372 15324 15384 15348 15384 15396 ]
];
sensors_y = [
[ 63700 63688 63688 63700 63700 63676 63712 63688 63688 63700 63676 63664 63724 63700 63712 63724 63700 63712 63676 63688 63700 63676 63688 63676 63664 63664 63652 63700 63700 63640 63664 63688 63640 63664 63676 63676 63664 63664 63652 63652 63664 63652 63688 63664 63628 63616 63604 63652 63664 63664 63664 63676 63652 63652 63640 63664 63652 63652 63676 63688 ]
[ 62632 62656 62668 62668 62644 62644 62644 62668 62656 62680 62644 62644 62680 62668 62668 62656 62680 62668 62620 62656 62656 62680 62632 62644 62656 62632 62656 62656 62644 62608 62584 62620 62632 62596 62656 62608 62608 62620 62596 62596 62608 62584 62656 62608 62608 62560 62584 62596 62608 62596 62596 62584 62620 62584 62584 62584 62596 62596 62596 62608 ]
[ 62944 62956 62968 62908 62908 62944 62956 62992 62956 63004 62980 62944 63016 62980 62956 62992 62956 62980 62920 62944 62908 63004 62956 62992 62968 62980 62944 62980 63004 62920 62944 62980 62920 62968 62992 62980 62968 62968 62968 62980 62956 62980 63052 62980 63028 62944 62944 62956 62968 62968 62944 62980 63028 62968 62980 62956 62992 62956 62956 62980 ]
[ 62644 62692 62608 62644 62644 62692 62632 62632 62620 62620 62620 62584 62800 62656 62704 62620 62596 62680 62560 62668 62656 62668 62644 62656 62536 62620 62584 62668 62704 62596 62560 62644 62632 62584 62632 62644 62584 62644 62608 62608 62596 62560 62644 62596 62632 62428 62572 62572 62608 62632 62584 62584 62776 62620 62572 62620 62608 62644 62560 62596 ]
];
house_keep = [
[ 38345 38340 38341 0 ]
[ 32653 32644 32646 0 ]
[ 38178 38178 38176 0 ]
[ 24566 24696 24826 0 ]
[ 24566 24696 24826 0 ]
];
config = [309 616 2 1 0 ]