sensors_x = [
[ 23772 23772 23748 23748 23736 23760 23712 23748 23736 23736 23736 23736 23748 23748 23748 23712 23736 23748 23748 23748 23724 23784 23724 23724 23724 23736 23724 23724 23784 23724 23736 23772 23772 23736 23748 23724 23748 23688 23724 23748 23748 23748 23724 23760 23712 23736 23748 23736 23760 23748 23724 23748 23772 23748 23724 23724 23748 23688 23712 23760 23760 23748 23748 23736 23724 23760 23736 23748 23748 23760 23736 23760 23748 23748 23748 23736 23748 23736 23748 23700 23736 23760 23724 23736 23724 23760 23736 23736 23736 23760 23748 23772 23748 23724 23748 23724 23736 23772 23724 23760 23748 23748 23724 23724 23760 23796 23724 23700 23748 23748 23712 23736 23748 23724 23712 23736 23760 23748 23712 23724 ]
[ 24396 24360 24384 24336 24360 24360 24360 24348 24360 24360 24336 24360 24360 24336 24360 24336 24348 24408 24360 24384 24360 24336 24372 24360 24324 24360 24348 24348 24348 24372 24336 24372 24348 24372 24360 24360 24396 24348 24324 24372 24360 24372 24348 24348 24360 24348 24372 24360 24384 24360 24372 24348 24324 24336 24360 24324 24336 24336 24348 24324 24336 24372 24384 24396 24348 24348 24336 24360 24348 24348 24360 24372 24360 24324 24360 24360 24336 24336 24360 24360 24348 24360 24336 24360 24336 24360 24384 24360 24348 24360 24372 24396 24336 24384 24360 24360 24348 24360 24336 24396 24336 24360 24360 24372 24336 24408 24360 24348 24360 24360 24336 24348 24348 24360 24336 24360 24360 24324 24336 24360 ]
[ 19284 19272 19272 19248 19296 19236 19236 19248 19248 19248 19248 19272 19284 19284 19284 19248 19236 19248 19236 19308 19236 19284 19236 19284 19272 19248 19212 19236 19272 19236 19260 19320 19296 19236 19296 19248 19236 19272 19272 19200 19284 19236 19224 19248 19248 19236 19212 19272 19296 19248 19284 19248 19272 19260 19212 19236 19260 19260 19212 19248 19212 19236 19224 19296 19212 19272 19272 19236 19260 19212 19200 19236 19224 19272 19236 19236 19260 19308 19236 19248 19308 19284 19248 19260 19260 19224 19248 19260 19284 19260 19260 19320 19236 19248 19296 19260 19248 19248 19260 19236 19248 19284 19236 19248 19284 19344 19272 19296 19284 19296 19236 19224 19200 19236 19248 19212 19248 19236 19224 19308 ]
[ 15168 15084 15060 15108 15084 15048 15072 15048 15048 15036 15048 15132 15084 15024 15048 15024 15096 15060 15000 15060 15144 15036 15036 15096 15084 15072 14976 15048 15036 15036 15096 15036 15132 15036 15144 15072 15012 15096 15084 15012 15072 15048 15024 15072 15060 15024 15072 15060 15108 15120 15060 15000 15060 15084 15000 14964 15048 15072 14964 15096 15132 15072 15012 15168 15000 15084 15024 15048 15072 15096 15084 14988 15108 15108 15084 15072 15060 15132 15060 15036 15048 15084 15120 15036 15036 15072 15084 15036 15060 15012 14988 15108 15156 15048 15048 15036 15012 15060 15108 15024 15120 15048 15048 15048 15084 15084 15060 15024 15060 15048 15000 15072 15048 15084 15012 15048 15036 15060 15024 15084 ]
];
sensors_y = [
[ 2388 2388 2388 2388 2352 2400 2400 2388 2400 2400 2400 2400 2388 2412 2364 2400 2376 2388 2388 2388 2388 2352 2412 2388 2412 2400 2388 2388 2352 2364 2400 2364 2364 2424 2340 2388 2388 2424 2364 2388 2388 2388 2364 2400 2400 2376 2412 2400 2376 2388 2412 2388 2340 2388 2388 2388 2400 2424 2400 2400 2376 2412 2412 2376 2412 2376 2376 2412 2388 2376 2376 2376 2388 2388 2388 2376 2388 2376 2388 2412 2352 2352 2340 2400 2388 2352 2424 2376 2376 2400 2388 2388 2388 2412 2388 2412 2400 2364 2412 2352 2388 2388 2412 2364 2376 2364 2388 2388 2388 2388 2400 2400 2364 2412 2424 2400 2424 2388 2424 2388 ]
[ 1716 1656 1680 1680 1680 1704 1680 1668 1680 1680 1680 1680 1680 1680 1680 1680 1692 1656 1680 1656 1680 1680 1668 1680 1668 1680 1668 1692 1668 1644 1680 1692 1668 1668 1680 1680 1692 1692 1644 1692 1680 1668 1668 1692 1656 1668 1668 1656 1680 1680 1668 1668 1668 1680 1680 1668 1704 1680 1668 1668 1656 1668 1680 1668 1668 1692 1680 1680 1692 1668 1656 1668 1680 1668 1680 1656 1680 1680 1680 1680 1668 1656 1680 1680 1680 1680 1680 1680 1668 1680 1668 1668 1680 1680 1680 1692 1668 1680 1656 1644 1680 1656 1680 1644 1680 1656 1632 1668 1680 1680 1656 1668 1644 1704 1704 1656 1656 1668 1704 1680 ]
[ 2412 2400 2400 2376 2376 2412 2388 2424 2424 2400 2400 2376 2388 2388 2340 2376 2436 2400 2436 2376 2412 2412 2388 2364 2376 2352 2388 2412 2376 2412 2412 2376 2328 2340 2376 2400 2364 2448 2352 2352 2364 2388 2448 2376 2412 2400 2388 2424 2352 2448 2412 2400 2376 2436 2436 2388 2364 2388 2412 2400 2412 2364 2484 2376 2436 2424 2352 2412 2412 2436 2424 2412 2400 2400 2388 2388 2364 2364 2412 2400 2340 2340 2376 2412 2364 2412 2376 2388 2364 2412 2340 2352 2388 2376 2376 2388 2352 2400 2412 2412 2424 2340 2388 2376 2364 2328 2424 2400 2364 2424 2388 2376 2376 2436 2424 2436 2424 2388 2424 2388 ]
[ 1512 1524 1464 1524 1404 1416 1488 1512 1488 1500 1440 1452 1476 1440 1488 1536 1440 1476 1512 1452 1488 1524 1452 1440 1524 1512 1464 1512 1476 1500 1488 1476 1452 1500 1464 1488 1428 1584 1452 1476 1440 1536 1560 1464 1476 1440 1488 1428 1476 1464 1452 1440 1452 1476 1464 1476 1488 1488 1500 1512 1500 1440 1524 1512 1440 1428 1464 1464 1440 1500 1428 1500 1500 1500 1500 1464 1524 1500 1548 1476 1344 1428 1524 1476 1428 1440 1548 1476 1524 1596 1452 1452 1404 1560 1488 1476 1404 1428 1476 1488 1464 1512 1536 1464 1476 1380 1476 1512 1476 1512 1488 1464 1464 1500 1572 1560 1500 1512 1512 1476 ]
];
house_keep = [
[ 38314 38312 38318 38316 38315 38317 38316 0 ]
[ 32635 32635 32633 32634 32634 32634 32635 0 ]
[ 38156 38155 38154 38153 38154 38154 38152 0 ]
[ 27041 27068 27108 27147 27182 27210 27227 0 ]
[ 27041 27068 27108 27147 27182 27210 27227 0 ]
];
config = [309 616 2 1 0 ]