sensors_x = [
[ 23772 23760 23760 23748 23736 23676 23748 23748 23736 23796 23712 23772 23748 24036 23724 23520 23616 23688 23700 23736 23724 23724 23724 23724 23712 23712 23808 23748 23736 23748 23712 23736 23748 23760 23724 23700 23736 23736 23748 23748 23724 23772 23736 23712 23724 23712 23736 23760 23748 23760 23748 23748 23736 23748 23760 23676 23736 23760 23724 22704 23256 23892 23520 23832 23880 23808 23784 24012 23580 23568 23628 23688 23724 23724 23748 23712 23736 23748 23736 23724 23772 23820 23748 23700 23724 23736 23748 23712 23748 23736 23724 23892 23736 23472 23904 23964 24168 23700 23568 23640 23700 23712 23712 23736 23748 23712 23760 23748 23724 23712 23712 23760 23760 23736 23724 23676 23616 23772 23760 23760 ]
[ 24396 24372 24372 24348 24348 24312 24348 24348 24360 24408 24348 24360 24384 24588 24300 24132 24216 24264 24348 24348 24396 24348 24348 24348 24336 24336 24384 24372 24360 24372 24336 24336 24360 24360 24348 24324 24360 24348 24372 24360 24336 24384 24336 24348 24360 24312 24348 24372 24372 24360 24348 24384 24372 24372 24348 24324 24384 24348 24384 22824 23232 24456 24108 24456 24516 24432 24420 24624 24156 24156 24240 24312 24312 24372 24336 24360 24348 24348 24360 24348 24372 24372 24360 24336 24372 24336 24336 24324 24336 24372 24324 24588 24240 24984 24828 26040 8076 10728 17820 21552 23232 23844 24072 24240 24348 24336 24348 24348 24360 24336 24348 24384 24372 24336 24312 24300 24252 24396 24348 24348 ]
[ 19284 19260 19272 19224 19248 19176 19248 19260 19248 19272 19296 19212 19248 19404 19200 19104 19164 19236 19200 19248 19236 19224 19248 19272 19272 19236 19308 19236 19284 19260 19284 19260 19284 19200 19236 19224 19212 19260 19284 19296 19224 19224 19212 19272 19260 19212 19284 19260 19260 19284 19296 19236 19296 19224 19236 19200 19272 19224 19236 17196 18180 19368 19224 19368 19356 19284 19236 19380 19140 19104 19224 19260 19212 19260 19260 19248 19260 19260 19284 19224 19260 19272 19248 19236 19260 19248 19236 19236 19236 19272 19260 19224 19332 19176 19416 19332 19476 19164 19116 19236 19272 19260 19284 19248 19248 19248 19284 19260 19308 19284 19308 19236 19260 19320 19224 19248 19272 19248 19260 19236 ]
[ 15120 15024 15084 14988 15036 14928 15060 15192 14988 15156 15120 15108 15132 6000 62776 13200 14856 15096 15000 15000 15156 15036 14988 15024 15132 14976 15144 15048 15108 15012 15060 15024 15108 15144 15012 15012 14916 14976 15060 15216 15024 15036 15036 15012 15012 15000 15096 15000 15060 15072 15000 15108 15012 15108 15024 15048 14988 15108 15012 62116 516 6000 59296 16536 15420 15168 15156 15528 4008 14244 15000 15096 15120 15060 15048 15024 15072 15048 15060 15072 15108 15036 15036 14976 15096 15060 15060 15060 15036 15060 15120 15156 15756 15036 15252 15084 15288 14940 15036 15072 15060 15072 14988 15072 15096 15072 15084 15096 15036 15096 15048 15096 15096 15072 14964 14988 15048 15108 15048 14976 ]
];
sensors_y = [
[ 2388 2376 2400 2412 2376 2412 2388 2388 2400 2412 2400 2364 2388 2364 2388 2400 2400 2376 2412 2376 2436 2388 2436 2388 2400 2376 2328 2364 2376 2376 2412 2376 2388 2400 2412 2412 2352 2376 2412 2388 2412 2364 2400 2424 2412 2424 2376 2376 2364 2400 2364 2412 2376 2412 2376 2436 2400 2376 2388 1896 2352 2388 2400 2400 2400 2400 2400 2364 2364 2376 2436 2400 2364 2388 2388 2400 2352 2388 2400 2388 2388 2292 2364 2412 2388 2424 2388 2424 2388 2400 2364 2388 2328 2376 2376 2364 2352 2364 2352 2424 2412 2400 2412 2400 2388 2424 2352 2388 2412 2376 2376 2400 2376 2400 2412 2412 2400 2388 2376 2400 ]
[ 1668 1668 1668 1668 1692 1680 1692 1668 1704 1680 1668 1680 1680 1668 1692 1692 1680 1680 1644 1692 1692 1668 1692 1668 1680 1656 1632 1668 1656 1668 1656 1656 1704 1680 1668 1692 1680 1644 1692 1656 1680 1656 1680 1668 1680 1680 1668 1668 1668 1680 1668 1704 1692 1692 1668 1668 1656 1668 1656 1176 1992 1680 1692 1680 1644 1704 1644 1680 1668 1692 1680 1680 1680 1692 1680 1680 1668 1668 1680 1668 1692 1644 1680 1704 1644 1680 1656 1668 1680 1668 1668 1692 1704 3936 1476 2448 468 2112 2652 2352 1776 1668 1704 1680 1668 1680 1692 1692 1704 1680 1668 1680 1692 1704 1656 1692 1668 1668 1668 1668 ]
[ 2388 2388 2424 2376 2400 2424 2424 2364 2400 2448 2376 2388 2400 2388 2376 2400 2412 2412 2472 2376 2460 2376 2400 2376 2424 2388 2268 2388 2364 2412 2364 2388 2376 2352 2364 2400 2388 2364 2436 2376 2424 2376 2388 2376 2388 2412 2388 2388 2388 2412 2352 2460 2376 2424 2412 2448 2352 2400 2364 1212 1572 2400 2388 2376 2340 2364 2412 2388 2292 2424 2376 2388 2412 2460 2388 2448 2364 2412 2364 2424 2412 2376 2424 2484 2364 2376 2388 2388 2364 2376 2388 2400 2316 2448 2376 2364 2412 2340 2364 2364 2400 2412 2388 2376 2376 2400 2388 2412 2364 2388 2364 2388 2412 2376 2400 2400 2328 2376 2364 2388 ]
[ 1416 1440 1452 1476 1428 1584 1452 1344 1428 1500 1416 1476 1464 65416 576 1704 1536 1512 1536 1440 1524 1476 1572 1536 1476 1392 1296 1512 1476 1452 1500 1512 1524 1392 1452 1548 1440 1464 1524 1464 1512 1476 1524 1476 1548 1536 1464 1488 1500 1488 1488 1524 1500 1452 1536 1512 1440 1452 1476 61204 53812 65416 65416 1056 1332 1464 1452 63040 1248 1572 1464 1464 1488 1476 1464 1512 1488 1464 1476 1512 1500 1356 1476 1584 1464 1500 1440 1500 1452 1500 1536 1476 1428 1500 1428 1452 1560 1476 1452 1464 1452 1488 1500 1440 1488 1488 1500 1464 1452 1488 1512 1488 1464 1512 1524 1428 1368 1500 1488 1464 ]
];
house_keep = [
[ 38320 38317 38318 38316 38314 38317 38314 0 ]
[ 32634 32637 32634 32632 32632 32633 32633 0 ]
[ 38153 38157 38154 38154 38154 38154 38153 0 ]
[ 26950 26986 27033 27058 27098 27125 27153 0 ]
[ 26950 26986 27033 27058 27098 27125 27153 0 ]
];
config = [309 616 2 1 0 ]