sensors_x = [
[ 19488 19488 19476 19488 19476 19500 19476 19488 19500 19488 19500 19488 19488 19488 19500 19488 19488 19500 19500 19500 0 0 0 0 0 0 0 0 0 0 ]
[ 19356 19356 19344 19344 19344 19344 19368 19344 19392 19392 19380 19392 19392 19404 19392 19404 19392 19392 19392 19392 0 0 0 0 0 0 0 0 0 0 ]
[ 13344 13344 13356 13356 13332 13344 13332 13332 13344 13344 13344 13332 13332 13344 13344 13320 13332 13332 13308 13332 0 0 0 0 0 0 0 0 0 0 ]
[ 6960 6972 6960 6972 6984 6972 6948 6960 6984 6972 6972 6984 6948 6984 6972 6972 6972 6984 6972 6984 0 0 0 0 0 0 0 0 0 0 ]
];
sensors_y = [
[ 3120 3144 3132 3144 3132 3156 3132 3144 3156 3144 3156 3144 3144 3168 3156 3144 3144 3156 3156 3156 0 0 0 0 0 0 0 0 0 0 ]
[ 64828 64828 64840 64840 64840 64840 64864 64840 64888 64888 64876 64888 64888 64900 64888 64900 64888 64888 64912 64912 0 0 0 0 0 0 0 0 0 0 ]
[ 4848 4848 4860 4860 4860 4848 4860 4860 4872 4872 4872 4860 4860 4896 4896 4872 4860 4860 4884 4908 0 0 0 0 0 0 0 0 0 0 ]
[ 24 12 24 12 24 36 36 48 24 36 36 24 36 24 36 12 24 24 36 24 0 0 0 0 0 0 0 0 0 0 ]
];
house_keep = [
[ 38965 0 ]
[ 32662 0 ]
[ 38965 0 ]
[ 49003 0 ]
[ 49003 0 ]
];
config = [309 616 2 1 0 ]