sensors_x = [
[ 19320 19308 19320 19320 19308 19320 19308 19320 19308 19308 19308 19308 19296 19308 19308 19296 19296 19296 19320 19308 0 0 0 0 0 0 0 0 0 0 ]
[ 19392 19392 19392 19392 19392 19392 19380 19368 19368 19380 19380 19380 19380 19380 19392 19392 19392 19380 19368 19368 0 0 0 0 0 0 0 0 0 0 ]
[ 14196 14196 14208 14208 14220 14184 14232 14232 14208 14232 14208 14172 14172 14208 14220 14220 14196 14208 14196 14208 0 0 0 0 0 0 0 0 0 0 ]
[ 6744 6756 6756 6756 6768 6744 6756 6744 6744 6756 6744 6744 6756 6756 6744 6756 6756 6744 6732 6744 0 0 0 0 0 0 0 0 0 0 ]
];
sensors_y = [
[ 4020 4020 4008 4008 4020 4020 4020 4008 4020 4020 4020 4020 4032 4020 4020 4032 4032 4032 4056 4020 0 0 0 0 0 0 0 0 0 0 ]
[ 168 168 168 168 168 168 180 192 192 180 192 204 204 204 216 216 216 228 240 240 0 0 0 0 0 0 0 0 0 0 ]
[ 1068 1092 1092 1092 1116 1104 1128 1128 1152 1128 1152 1116 1116 1152 1164 1164 1140 1152 1188 1164 0 0 0 0 0 0 0 0 0 0 ]
[ 63664 63628 63628 63652 63652 63640 63628 63664 63664 63652 63664 63664 63628 63628 63688 63676 63628 63664 63700 63664 0 0 0 0 0 0 0 0 0 0 ]
];
house_keep = [
[ 38970 0 ]
[ 32664 0 ]
[ 38965 0 ]
[ 48841 0 ]
[ 48841 0 ]
];
config = [309 616 2 1 0 ]