sensors_x = [
[ 30480 30480 30480 30480 30480 30480 30480 30480 30480 30480 30480 30480 30480 30480 30480 30480 30480 30480 30480 30480 30480 30480 30480 30480 30480 30480 30480 30480 30480 30480 30480 30480 30480 30480 30480 30480 30480 30480 30480 30480 30480 30480 30480 30480 30480 30480 30480 30480 30480 30480 30480 30480 30480 30480 30480 30480 30480 30480 30480 30480 ]
[ 30480 30480 30480 30480 30480 30480 30480 30480 30480 30480 30480 30480 30480 30480 30480 30480 30480 30480 30480 30480 30480 30480 30480 30480 30480 30480 30480 30480 30480 30480 30480 30480 30480 30480 30480 30480 30480 30480 30480 30480 30480 30480 30480 30480 30480 30480 30480 30480 30480 30480 30480 30480 30480 30480 30480 30480 30480 30480 30480 30480 ]
[ 29412 29376 29412 29424 29400 29400 29400 29400 29436 29412 29400 29400 29412 29400 29400 29424 29376 29400 29400 29424 29400 29400 29412 29400 29436 29388 29424 29412 29400 29412 29412 29436 29436 29424 29400 29376 29388 29388 29436 29400 29388 29412 29412 29412 29376 29400 29424 29376 29424 29400 29412 29412 29400 29400 29424 29400 29388 29400 29388 29412 ]
[ 24348 24288 24396 24348 24312 24312 24372 24348 24300 24276 24324 24420 24336 24336 24312 24384 24348 24336 24312 24396 24360 24348 24360 24324 24336 24324 24324 24288 24324 24372 24324 24324 24348 24360 24300 24300 24324 24324 24288 24252 24288 24372 24348 24300 24360 24324 24324 24312 24300 24360 24324 24264 24300 24312 24264 24312 24336 24276 24324 24264 ]
];
sensors_y = [
[ 65416 65416 65416 65416 65416 65416 65416 65416 65416 65416 65416 65416 65416 65416 65416 65416 65416 65416 65416 65416 65416 65416 65416 65416 65416 65416 65416 65416 65416 65416 65416 65416 65416 65416 65416 65416 65416 65416 65416 65416 65416 65416 65416 65416 65416 65416 65416 65416 65416 65416 65416 65416 65416 65416 65416 65416 65416 65416 65416 65416 ]
[ 65416 65416 65416 65416 65416 65416 65416 65416 65416 65416 65416 65416 65416 65416 65416 65416 65416 65416 65416 65416 65416 65416 65416 65416 65416 65416 65416 65416 65416 65416 65416 65416 65416 65416 65416 65416 65416 65416 65416 65416 65416 65416 65416 65416 65416 65416 65416 65416 65416 65416 65416 65416 65416 65416 65416 65416 65416 65416 65416 65416 ]
[ 64348 64312 64348 64360 64336 64336 64336 64336 64372 64348 64336 64336 64348 64336 64336 64360 64312 64336 64336 64360 64336 64336 64348 64336 64372 64324 64360 64348 64336 64348 64348 64372 64372 64360 64336 64312 64324 64324 64372 64336 64324 64348 64348 64348 64312 64336 64360 64312 64360 64336 64348 64348 64336 64336 64360 64336 64324 64336 64324 64348 ]
[ 61612 61600 61660 61636 61624 61624 61588 61636 61636 61660 61636 61612 61624 61624 61648 61624 61588 61648 61696 61612 61624 61588 61600 61636 61624 61636 61636 61648 61636 61636 61588 61636 61636 61672 61612 61648 61684 61660 61624 61648 61576 61636 61636 61612 61624 61636 61684 61624 61660 61624 61636 61672 61636 61600 61672 61624 61672 61660 61660 61648 ]
];
house_keep = [
[ 38325 38325 38322 0 ]
[ 32641 32640 32640 0 ]
[ 38160 38162 38161 0 ]
[ 26061 26121 26170 0 ]
[ 26061 26121 26170 0 ]
];
config = [309 616 2 1 0 ]