sensors_x = [
[ 30480 30480 30480 30480 30480 30480 30480 30480 30480 30480 30480 30480 30480 30480 30480 30480 30480 30480 30480 30480 30480 30480 30480 30480 30480 30480 30480 30480 30480 30480 30480 30480 30480 30480 30480 30480 30480 30480 30480 30480 30480 30480 30480 30480 30480 30480 30480 30480 30480 30480 30480 30480 30480 30480 30480 30480 30480 30480 30480 30480 ]
[ 30480 30480 30480 30480 30480 30480 30480 30480 30480 30480 30480 30480 30480 30480 30480 30480 30480 30480 30480 30480 30480 30480 30480 30480 30480 30480 30480 30480 30480 30480 30480 30480 30480 30480 30480 30480 30480 30480 30480 30480 30480 30480 30480 30480 30480 30480 30480 30480 30480 30480 30480 30480 30480 30480 30480 30480 30480 30480 30480 30480 ]
[ 29016 29268 29388 29424 29436 29412 29388 29412 29400 29424 29424 29400 29400 29400 29412 29424 29412 29400 29424 29436 29460 29412 29400 29424 29412 29400 29448 29412 29436 29424 29424 29424 29400 29424 29424 29400 29400 29400 29412 29424 29424 29400 29412 29424 29448 29412 29424 29400 29412 29400 29424 29376 29388 29400 29400 29388 29436 29376 29412 29424 ]
[ 24348 24336 24384 24396 24324 24300 24372 24348 24360 24360 24348 24336 24300 24336 24372 24384 24312 24348 24336 24348 24396 24348 24312 24372 24384 24324 24372 24300 24432 24396 24348 24336 24384 24384 24348 24324 24396 24384 24396 24420 24360 24348 24360 24324 24324 24276 24324 24348 24312 24228 24348 24300 24396 24300 24312 24360 24348 24252 24360 24396 ]
];
sensors_y = [
[ 65416 65416 65416 65416 65416 65416 65416 65416 65416 65416 65416 65416 65416 65416 65416 65416 65416 65416 65416 65416 65416 65416 65416 65416 65416 65416 65416 65416 65416 65416 65416 65416 65416 65416 65416 65416 65416 65416 65416 65416 65416 65416 65416 65416 65416 65416 65416 65416 65416 65416 65416 65416 65416 65416 65416 65416 65416 65416 65416 65416 ]
[ 65416 65416 65416 65416 65416 65416 65416 65416 65416 65416 65416 65416 65416 65416 65416 65416 65416 65416 65416 65416 65416 65416 65416 65416 65416 65416 65416 65416 65416 65416 65416 65416 65416 65416 65416 65416 65416 65416 65416 65416 65416 65416 65416 65416 65416 65416 65416 65416 65416 65416 65416 65416 65416 65416 65416 65416 65416 65416 65416 65416 ]
[ 64048 64228 64324 64360 64372 64348 64324 64348 64336 64360 64360 64336 64336 64336 64348 64360 64348 64336 64360 64372 64396 64348 64336 64360 64348 64336 64384 64348 64372 64360 64360 64360 64336 64360 64360 64336 64336 64336 64348 64360 64360 64336 64348 64360 64384 64348 64360 64336 64348 64336 64360 64312 64324 64336 64336 64324 64372 64312 64348 64360 ]
[ 61996 61864 61792 61816 61780 61756 61780 61756 61744 61792 61756 61756 61708 61768 61756 61864 61768 61708 61720 61780 61756 61792 61720 61732 61696 61720 61732 61744 61720 61708 61696 61744 61720 61696 61708 61708 61612 61696 61660 61672 61648 61756 61624 61684 61660 61588 61660 61636 61624 61636 61672 61588 61672 61636 61648 61648 61624 61612 61648 61588 ]
];
house_keep = [
[ 38321 38321 38321 0 ]
[ 32644 32645 32640 0 ]
[ 38161 38162 38160 0 ]
[ 26216 26269 26320 0 ]
[ 26216 26269 26320 0 ]
];
config = [309 616 2 1 0 ]