sensors_x = [
[ 51568 51172 51196 51616 51352 51364 51388 51508 51448 51220 51136 51148 51376 51508 51400 51376 51016 51256 51208 51568 51016 51556 51160 51232 51364 51064 51448 51040 51004 51352 51592 51340 51448 51424 51340 50956 51028 51568 51664 51520 51520 51388 51664 51616 51484 51292 51352 51304 51364 51220 51340 51460 51340 51520 51484 51604 51316 51388 51388 51748 51508 51844 51448 51796 51340 51496 51724 51220 51364 51196 51304 51424 51328 51520 51364 51316 51136 51436 51292 51616 51340 51172 50992 51340 51268 51256 51292 51532 51496 51364 51196 51448 51496 51580 51112 51388 51040 51508 51328 51004 0 0 0 0 0 ]
[ 54472 54556 54688 54820 54916 55036 55144 55240 55324 55396 55456 55492 55576 55588 55648 55684 55708 55720 55744 55756 55780 55816 55780 55804 55804 55804 55792 55792 55792 55792 55780 55780 55780 55792 55768 55792 55852 55864 55864 55864 55876 55876 55888 55900 55888 55900 55900 55924 55912 55912 55900 55912 55900 55912 55876 55852 55876 55828 55900 55780 55816 55876 55816 55816 55816 55792 55768 55804 55804 55816 55828 55840 55840 55864 55876 55876 55888 55900 55900 55900 55912 55900 55912 55912 55912 55924 55912 55912 55912 55900 55900 55888 55876 55876 55876 55876 55876 55852 55864 55852 0 0 0 0 0 ]
[ 55888 55924 55996 56068 56104 56140 56176 56200 56212 56236 56236 56236 56236 56236 56236 56236 56236 56236 56236 56236 56236 56236 56236 56236 56236 56236 56236 56236 56236 56236 56236 56236 56236 56236 56236 56236 56236 56236 56236 56236 56236 56236 56236 56236 56236 56236 56236 56236 56236 56236 56236 56236 56236 56236 56236 56236 56236 56236 56236 56236 56236 56236 56236 56236 56236 56236 56236 56236 56236 56236 56236 56236 56236 56236 56236 56236 56236 56236 56236 56236 56236 56236 56236 56236 56236 56236 56236 56236 56236 56236 56236 56236 56236 56236 56236 56236 56236 56236 56236 56236 0 0 0 0 0 ]
[ 51772 51280 50872 51676 51904 52036 52036 51772 52792 51496 51772 51904 51940 51880 51964 51772 51700 51916 51784 51748 51988 51772 51568 51712 51988 51856 51928 52336 51904 51640 52156 51472 51736 52168 51844 51880 51424 51568 51904 51628 51988 51868 51904 53128 52024 51208 51700 51328 51772 51700 51640 51784 51832 51376 52024 51544 52276 51556 52036 51532 51796 51412 51856 51604 51568 51700 51664 51424 51760 51580 51928 52000 51376 51856 51556 51916 51712 51856 52180 51640 52276 51772 51856 52048 51748 52180 51640 51652 51604 51532 52540 52000 51748 51676 51940 52156 51772 51688 51904 52108 0 0 0 0 0 ]
];
sensors_y = [
[ 48664 49060 49036 48616 48880 48868 48844 48724 48784 49012 49096 49084 48856 48724 48832 48856 49216 48976 49024 48664 49216 48676 49072 49000 48868 49168 48784 49192 49228 48880 48640 48892 48784 48808 48892 49276 49204 48664 48580 48712 48712 48844 48568 48616 48748 48952 48880 48928 48868 49012 48892 48772 48892 48712 48748 48628 48916 48844 48844 48484 48724 48388 48784 48436 48892 48736 48508 49012 48868 49036 48928 48808 48904 48712 48868 48916 49096 48796 48940 48616 48892 49060 49240 48892 48964 48988 48940 48700 48736 48892 49036 48784 48736 48652 49120 48844 49192 48724 48904 49228 0 0 0 0 0 ]
[ 45760 45676 45544 45412 45316 45196 45088 44992 44908 44836 44776 44740 44656 44644 44584 44548 44524 44512 44488 44476 44452 44416 44452 44428 44428 44428 44440 44440 44440 44440 44452 44452 44452 44440 44464 44440 44380 44368 44368 44368 44356 44356 44344 44332 44344 44332 44332 44308 44320 44320 44332 44320 44332 44320 44356 44380 44356 44404 44332 44452 44416 44356 44416 44416 44416 44440 44464 44428 44428 44416 44404 44392 44392 44368 44356 44356 44344 44332 44332 44332 44320 44332 44320 44320 44320 44308 44320 44320 44320 44332 44332 44344 44356 44356 44356 44356 44356 44380 44368 44380 0 0 0 0 0 ]
[ 44344 44308 44236 44164 44128 44092 44056 44032 44020 43996 43996 43996 43996 43996 43996 43996 43996 43996 43996 43996 43996 43996 43996 43996 43996 43996 43996 43996 43996 43996 43996 43996 43996 43996 43996 43996 43996 43996 43996 43996 43996 43996 43996 43996 43996 43996 43996 43996 43996 43996 43996 43996 43996 43996 43996 43996 43996 43996 43996 43996 43996 43996 43996 43996 43996 43996 43996 43996 43996 43996 43996 43996 43996 43996 43996 43996 43996 43996 43996 43996 43996 43996 43996 43996 43996 43996 43996 43996 43996 43996 43996 43996 43996 43996 43996 43996 43996 43996 43996 43996 0 0 0 0 0 ]
[ 50500 50956 51616 50932 50848 50524 49972 50524 49480 50848 50740 51232 50644 51592 50476 50980 49876 50884 50848 50788 50932 50740 50512 51016 50668 50680 50632 50584 50800 50920 50980 51088 50956 50608 50692 50968 51448 50344 50392 50764 50212 50188 50296 49984 51568 49960 50572 51304 50668 50716 50584 50536 50416 51196 50272 50992 50332 50932 50644 50908 50764 50884 50440 50836 51064 51004 50680 50944 50920 50164 50704 50632 50920 50344 50740 50620 50656 50944 50428 50584 50548 50716 50788 50488 50572 50716 50896 50860 50932 51352 50164 50080 50656 50788 50788 50740 51004 50848 50464 50356 0 0 0 0 0 ]
];
house_keep = [
[ 44570 44573 44570 44571 44573 44575 0 ]
[ 32620 32637 32618 32618 32637 32638 0 ]
[ 65159 65161 65166 65158 65159 65162 0 ]
[ 26456 26461 26525 26549 26539 26625 0 ]
[ 26456 26461 26525 26549 26539 26625 0 ]
];
config = [309 616 2 1 0 ]