sensors_x = [
[ 51232 51556 51376 51628 51268 51388 51328 51508 51280 51424 51136 51376 51088 51208 51556 51556 51376 51940 51280 51256 51364 51280 51484 51100 51280 51016 51040 51400 51208 51424 51520 51172 51184 51652 51748 51148 51496 51304 51472 51556 51508 51232 51724 51664 51580 51316 51400 51520 51460 51520 51508 51652 51328 51148 51916 51184 51412 51412 51208 51244 51664 51340 51280 51604 51292 51292 51400 51232 51088 51244 51424 51352 51184 51340 51292 51004 51292 51232 51364 51184 51244 51532 51544 51352 51280 51076 51412 51544 51508 51292 51424 51220 51256 51340 51376 51496 51388 51220 51472 51628 0 0 0 0 0 ]
[ 54604 54748 54868 55012 55096 55180 55264 55336 55384 55456 55504 55528 55552 55576 55600 55612 55636 55636 55660 55648 55684 55708 55732 55732 55768 55816 55828 55840 55840 55864 55864 55852 55852 55828 55816 55888 55900 55888 55900 55936 55900 55888 55888 55876 55864 55864 55864 55876 55816 55852 55864 55852 55828 55828 55816 55816 55804 55804 55852 55828 55828 55864 55864 55840 55864 55876 55936 55900 55912 55900 55912 55912 55888 55924 55924 55876 55900 55888 55912 55864 55864 55840 55852 55852 55852 55828 55828 55828 55828 55840 55852 55864 55888 55912 55924 55912 55924 55924 55936 55924 0 0 0 0 0 ]
[ 55888 55972 56044 56092 56140 56164 56200 56224 56236 56236 56236 56236 56236 56236 56236 56236 56236 56236 56236 56236 56236 56236 56236 56236 56236 56236 56236 56236 56236 56236 56236 56236 56236 56236 56236 56236 56236 56236 56236 56236 56236 56236 56236 56236 56236 56236 56236 56236 56236 56236 56236 56236 56236 56236 56236 56236 56236 56236 56236 56236 56236 56236 56236 56236 56236 56236 56236 56236 56236 56236 56236 56236 56236 56236 56236 56236 56236 56236 56236 56236 56236 56236 56236 56236 56236 56236 56236 56236 56236 56236 56236 56236 56236 56236 56236 56236 56236 56236 56236 56236 0 0 0 0 0 ]
[ 51868 52984 51544 51604 52096 52144 51448 51904 52108 52048 52084 51388 52096 51640 52108 52204 52588 51688 52168 52012 51568 51964 52576 51916 51724 52096 51784 51640 52072 52072 52012 51832 51904 51880 52012 52336 52204 51880 51808 51952 51664 51640 52156 51928 51724 51880 52000 51952 52144 52036 51856 51988 52156 52276 51784 51916 52156 52120 52396 51952 52084 52096 52060 51868 52312 52192 52084 52108 51460 52228 52144 51784 51820 51796 51988 51880 51688 52504 52060 51892 51820 52276 52144 51724 51448 51916 52264 52168 52360 51724 51856 51796 52180 52144 52132 52060 51568 51412 51940 51700 0 0 0 0 0 ]
];
sensors_y = [
[ 49000 48676 48856 48604 48964 48856 48904 48724 48952 48808 49096 48856 49144 49024 48676 48676 48856 48292 48952 48976 48868 48952 48748 49132 48952 49216 49192 48832 49024 48808 48712 49060 49048 48580 48484 49084 48736 48928 48760 48676 48724 49000 48508 48568 48652 48928 48832 48712 48772 48712 48724 48580 48904 49084 48316 49048 48820 48820 49024 48988 48568 48892 48952 48628 48940 48940 48832 49000 49144 48988 48820 48880 49048 48892 48940 49228 48940 49000 48868 49048 48988 48700 48688 48880 48952 49156 48820 48688 48736 48940 48808 49012 48976 48892 48856 48736 48844 49012 48760 48616 0 0 0 0 0 ]
[ 45628 45484 45364 45220 45136 45052 44968 44896 44848 44776 44728 44704 44680 44656 44632 44620 44596 44596 44572 44584 44548 44524 44500 44500 44464 44416 44404 44392 44392 44368 44368 44380 44380 44404 44416 44344 44332 44344 44332 44296 44332 44344 44344 44356 44368 44368 44368 44368 44416 44380 44368 44380 44404 44404 44416 44416 44428 44428 44380 44404 44404 44368 44368 44392 44368 44356 44296 44332 44320 44332 44320 44320 44344 44308 44308 44356 44332 44344 44320 44368 44368 44392 44380 44380 44380 44404 44404 44404 44404 44392 44380 44368 44344 44320 44308 44320 44308 44308 44296 44308 0 0 0 0 0 ]
[ 44344 44260 44188 44140 44092 44068 44032 44008 43996 43996 43996 43996 43996 43996 43996 43996 43996 43996 43996 43996 43996 43996 43996 43996 43996 43996 43996 43996 43996 43996 43996 43996 43996 43996 43996 43996 43996 43996 43996 43996 43996 43996 43996 43996 43996 43996 43996 43996 43996 43996 43996 43996 43996 43996 43996 43996 43996 43996 43996 43996 43996 43996 43996 43996 43996 43996 43996 43996 43996 43996 43996 43996 43996 43996 43996 43996 43996 43996 43996 43996 43996 43996 43996 43996 43996 43996 43996 43996 43996 43996 43996 43996 43996 43996 43996 43996 43996 43996 43996 43996 0 0 0 0 0 ]
[ 50212 49936 50680 51052 50536 50488 50968 50656 50692 50632 50212 51052 50152 51088 50332 50404 50140 50368 50200 50476 50776 50428 50032 50332 51268 50200 50608 50968 50128 50704 50356 50704 50632 50584 50500 50248 50260 50488 50224 50212 50752 50704 50140 50560 50572 50224 50464 50512 50152 50572 50368 50188 50452 50284 50464 50500 50164 50248 49876 50296 50476 50656 50740 50524 51064 50272 50188 50644 50572 50092 50320 50680 50572 50404 50380 50632 50536 50032 50548 50500 50836 50164 50104 50644 50320 50452 50032 49984 50056 50428 50488 50308 50188 50692 50308 50800 50080 52036 50572 50380 0 0 0 0 0 ]
];
house_keep = [
[ 44544 44536 44547 44546 44547 44551 0 ]
[ 32636 32637 32543 32601 32635 32468 0 ]
[ 65162 65165 65165 65159 65161 65162 0 ]
[ 26344 26362 26432 26453 26489 26546 0 ]
[ 26344 26362 26432 26453 26489 26546 0 ]
];
config = [309 616 2 1 0 ]