sensors_x = [
[ 51388 51580 51652 51520 51436 51748 51388 51280 51340 51292 51604 51400 51496 51220 51352 51520 51688 51316 51484 51232 51400 51304 51376 51496 51196 51268 51364 51208 51400 51304 51112 51292 51292 51460 51208 50920 51160 51076 51292 51412 51472 51880 51232 51604 51244 51532 51424 51256 51472 51184 51136 51520 51400 51712 51400 51484 51712 51568 51400 51244 51328 51184 50968 51472 51532 51280 50992 51952 51160 52000 51352 51316 51364 51328 51460 51568 51016 51436 51592 51904 51484 51352 51412 51040 51472 51460 51304 51676 51556 51580 51124 51424 51748 51100 51784 51724 51112 51184 51232 51448 0 0 0 0 0 ]
[ 54532 54652 54820 54940 55072 55144 55240 55312 55396 55432 55492 55528 55564 55576 55612 55636 55696 55696 55660 55744 55756 55768 55780 55780 55792 55804 55804 55816 55828 55804 55828 55828 55840 55828 55840 55852 55852 55852 55852 55864 55864 55864 55876 55876 55876 55864 55876 55864 55876 55876 55888 55876 55876 55864 55900 55888 55888 55900 55888 55900 55888 55900 55888 55876 55876 55900 55888 55876 55888 55888 55888 55888 55888 55900 55888 55876 55888 55888 55888 55876 55888 55876 55876 55876 55876 55876 55888 55876 55852 55876 55876 55864 55876 55864 55876 55876 55876 55888 55864 55876 0 0 0 0 0 ]
[ 55876 55960 56032 56080 56140 56164 56188 56212 56224 56236 56236 56236 56236 56236 56236 56236 56236 56236 56236 56236 56236 56236 56236 56236 56236 56236 56236 56236 56236 56236 56236 56236 56236 56236 56236 56236 56236 56236 56236 56236 56236 56236 56236 56236 56236 56236 56236 56236 56236 56236 56236 56236 56236 56236 56236 56236 56236 56236 56236 56236 56236 56236 56236 56236 56236 56236 56236 56236 56236 56236 56236 56236 56236 56236 56236 56236 56236 56236 56236 56236 56236 56236 56236 56236 56236 56236 56236 56236 56236 56236 56236 56236 56236 56236 56236 56236 56236 56236 56236 56236 0 0 0 0 0 ]
[ 51652 51892 52228 51688 51952 51712 51916 51724 51976 51988 51796 51988 51676 52036 52024 52276 52468 52288 52348 51352 52216 52264 52156 52216 52072 51928 51748 52192 52360 52240 52096 52000 52132 52084 51964 52252 52108 51940 52348 52264 52072 51880 51796 51856 52036 51844 52108 52024 51748 51796 52012 51808 52216 52060 51976 52084 51988 51892 51844 51976 51964 51976 51316 51772 51724 51928 51784 51604 51796 51556 51604 51664 51604 51700 51700 51904 51748 51868 52036 51808 51580 51664 51748 51832 52204 51760 51820 51772 51592 51808 51772 51940 51508 51700 51976 52420 51748 52108 51784 52084 0 0 0 0 0 ]
];
sensors_y = [
[ 48844 48652 48580 48712 48796 48484 48844 48952 48892 48940 48628 48832 48736 49012 48880 48712 48544 48928 48748 49000 48832 48928 48856 48736 49036 48964 48868 49024 48832 48928 49120 48940 48940 48772 49024 49312 49072 49156 48940 48820 48760 48352 49000 48628 48988 48700 48808 48976 48760 49048 49096 48712 48832 48520 48832 48748 48520 48664 48832 48988 48904 49048 49276 48760 48700 48952 49240 48280 49072 48232 48880 48916 48868 48904 48772 48676 49216 48796 48640 48328 48748 48880 48820 49192 48760 48772 48928 48556 48676 48652 49108 48808 48484 49132 48448 48508 49120 49048 49000 48784 0 0 0 0 0 ]
[ 45700 45580 45412 45292 45160 45088 44992 44920 44836 44800 44740 44704 44668 44656 44620 44596 44536 44536 44572 44488 44476 44464 44452 44452 44440 44428 44428 44416 44404 44428 44404 44404 44392 44404 44392 44380 44380 44380 44380 44368 44368 44368 44356 44356 44356 44368 44356 44368 44356 44356 44344 44356 44356 44368 44332 44344 44344 44332 44344 44332 44344 44332 44344 44356 44356 44332 44344 44356 44344 44344 44344 44344 44344 44332 44344 44356 44344 44344 44344 44356 44344 44356 44356 44356 44356 44356 44344 44356 44380 44356 44356 44368 44356 44368 44356 44356 44356 44344 44368 44356 0 0 0 0 0 ]
[ 44356 44272 44200 44152 44104 44068 44044 44020 44008 43996 43996 43996 43996 43996 43996 43996 43996 43996 43996 43996 43996 43996 43996 43996 43996 43996 43996 43996 43996 43996 43996 43996 43996 43996 43996 43996 43996 43996 43996 43996 43996 43996 43996 43996 43996 43996 43996 43996 43996 43996 43996 43996 43996 43996 43996 43996 43996 43996 43996 43996 43996 43996 43996 43996 43996 43996 43996 43996 43996 43996 43996 43996 43996 43996 43996 43996 43996 43996 43996 43996 43996 43996 43996 43996 43996 43996 43996 43996 43996 43996 43996 43996 43996 43996 43996 43996 43996 43996 43996 43996 0 0 0 0 0 ]
[ 50548 50284 50236 50560 50548 50824 50548 50392 50080 50476 50836 50332 50548 50452 50440 49828 49684 49888 50620 50776 50056 50464 50284 50308 50512 50464 50716 50320 50392 50224 50632 50440 50596 50524 50596 50284 50644 50596 50404 50272 50488 50536 50380 50560 50428 50716 50236 50560 50500 50932 50428 50224 50488 50356 50176 50284 50068 50548 50620 50272 50500 50632 51076 50572 50836 50440 50464 50692 50524 50476 50668 50464 50356 50668 50668 50464 50860 50716 50224 50488 50428 50584 50788 50464 50188 50536 50452 50692 50728 50512 50572 50668 50908 50380 50320 49804 50476 50572 50344 50236 0 0 0 0 0 ]
];
house_keep = [
[ 44540 44544 44541 44539 44538 44538 0 ]
[ 32606 32637 32626 32576 32577 32629 0 ]
[ 65167 65173 65167 65163 65172 65167 0 ]
[ 25913 25940 26045 26107 26164 26218 0 ]
[ 25913 25940 26045 26107 26164 26218 0 ]
];
config = [309 616 2 1 0 ]