sensors_x = [
[ 51436 51304 51328 51256 51124 51232 51868 51064 51064 51304 51304 51316 51580 51088 51484 51364 50980 51388 51340 51568 51088 51508 51388 51364 51520 51316 50992 51136 51604 51196 51316 51388 51016 51568 51544 51340 51532 50980 51124 51184 51352 51460 51604 51256 51184 51364 51172 51004 51364 51124 51256 51472 51448 51040 51580 51448 51664 51352 51460 51256 51532 51268 51580 51340 51760 51184 51484 51472 51400 51496 51400 51292 51676 51136 51412 51628 51352 51280 51676 51592 51388 51748 51592 51424 51496 51232 51436 51340 51496 51304 51268 51160 51496 51316 51472 51316 51364 51592 51292 51100 0 0 0 0 0 ]
[ 54496 54664 54796 54916 55036 55132 55180 55312 55360 55420 55468 55516 55540 55612 55612 55660 55672 55696 55708 55732 55744 55744 55768 55768 55780 55792 55792 55804 55792 55828 55828 55828 55828 55840 55816 55852 55852 55888 55852 55852 55864 55816 55816 55816 55828 55864 55852 55864 55864 55876 55888 55900 55900 55900 55912 55912 55912 55912 55924 55924 55924 55924 55924 55912 55912 55924 55900 55900 55888 55876 55876 55876 55852 55852 55840 55840 55840 55840 55828 55828 55828 55828 55828 55816 55840 55840 55840 55840 55852 55864 55852 55852 55864 55864 55864 55864 55864 55876 55864 55876 0 0 0 0 0 ]
[ 55828 55936 56008 56056 56116 56152 56176 56200 56224 56236 56236 56236 56236 56236 56236 56236 56236 56236 56236 56236 56236 56236 56236 56236 56236 56236 56236 56236 56236 56236 56236 56236 56236 56236 56236 56236 56236 56236 56236 56236 56236 56236 56236 56236 56236 56236 56236 56236 56236 56236 56236 56236 56236 56236 56236 56236 56236 56236 56236 56236 56236 56236 56236 56236 56236 56236 56236 56236 56236 56236 56236 56236 56236 56236 56236 56236 56236 56236 56236 56236 56236 56236 56236 56236 56236 56236 56236 56236 56236 56236 56236 56236 56236 56236 56236 56236 56236 56236 56236 56236 0 0 0 0 0 ]
[ 51616 51940 51256 51892 51676 51928 52192 52156 52096 52120 52120 52276 52144 51952 52096 52252 51880 52156 52264 51820 51952 53512 52372 52228 52096 52084 52228 52012 52144 51940 52144 51928 51688 52444 52360 51808 52024 52276 52420 51892 51904 52084 51676 51604 52024 52120 52144 51772 51400 52144 51988 52132 51784 52072 51868 51844 51856 51796 52180 51856 52396 52180 51904 52000 51952 52024 51940 52156 51880 51952 51796 51916 51844 51808 51952 52000 51808 52096 51892 51892 51880 51664 51976 51940 52132 52096 51760 52132 52324 51268 52252 51952 51868 52048 51616 51088 52348 52072 52156 52180 0 0 0 0 0 ]
];
sensors_y = [
[ 48796 48928 48904 48976 49108 49012 48364 49168 49168 48928 48928 48916 48652 49156 48748 48868 49252 48844 48892 48664 49144 48724 48844 48868 48712 48916 49240 49096 48628 49036 48916 48856 49216 48664 48688 48892 48700 49252 49108 49048 48892 48772 48628 48976 49048 48868 49060 49228 48868 49108 48976 48760 48784 49192 48652 48784 48568 48880 48772 48976 48712 48964 48652 48892 48472 49048 48748 48760 48832 48736 48832 48940 48556 49096 48820 48604 48880 48952 48556 48640 48844 48484 48640 48808 48736 49000 48796 48892 48736 48928 48976 49072 48736 48916 48760 48916 48868 48640 48940 49132 0 0 0 0 0 ]
[ 45736 45568 45436 45316 45196 45100 45052 44920 44872 44812 44764 44716 44692 44620 44620 44572 44560 44536 44524 44500 44488 44488 44464 44464 44452 44440 44440 44428 44440 44404 44404 44404 44404 44392 44428 44380 44380 44344 44380 44380 44368 44416 44416 44416 44404 44380 44380 44368 44368 44356 44344 44332 44332 44332 44320 44320 44320 44320 44308 44308 44308 44308 44308 44320 44320 44308 44332 44332 44344 44356 44356 44356 44380 44380 44404 44392 44392 44392 44404 44404 44404 44404 44404 44416 44392 44392 44392 44392 44380 44368 44380 44380 44368 44368 44368 44368 44368 44356 44368 44356 0 0 0 0 0 ]
[ 44404 44296 44236 44176 44116 44080 44056 44032 44008 43996 43996 43996 43996 43996 43996 43996 43996 43996 43996 43996 43996 43996 43996 43996 43996 43996 43996 43996 43996 43996 43996 43996 43996 43996 43996 43996 43996 43996 43996 43996 43996 43996 43996 43996 43996 43996 43996 43996 43996 43996 43996 43996 43996 43996 43996 43996 43996 43996 43996 43996 43996 43996 43996 43996 43996 43996 43996 43996 43996 43996 43996 43996 43996 43996 43996 43996 43996 43996 43996 43996 43996 43996 43996 43996 43996 43996 43996 43996 43996 43996 43996 43996 43996 43996 43996 43996 43996 43996 43996 43996 0 0 0 0 0 ]
[ 50608 50092 50968 50548 50572 50560 50272 50572 50296 50452 50560 50524 50008 50608 50080 50452 50584 50260 50416 50476 50344 49384 50260 50644 50224 50620 50188 50524 50224 50260 50416 50464 50728 49996 50080 50488 50560 50212 49972 50548 50680 49972 50812 50668 50488 50296 50392 50716 51064 50632 50740 50092 50008 50128 50548 50428 50128 50356 50692 50368 50116 50428 50224 50176 50224 50368 50212 50428 50656 50464 50452 50620 50656 50512 50032 50368 50728 50704 50476 50644 50392 50776 50416 50452 50188 50032 50560 50548 50428 50524 50716 50248 50596 50752 50440 51472 51100 49336 50428 50428 0 0 0 0 0 ]
];
house_keep = [
[ 44533 44535 44550 44529 44526 44532 0 ]
[ 32640 32584 32635 32630 32415 32599 0 ]
[ 65165 65165 65165 65165 65172 65163 0 ]
[ 26168 26225 26280 26310 26378 26391 0 ]
[ 26168 26225 26280 26310 26378 26391 0 ]
];
config = [309 616 2 1 0 ]