sensors_x = [
[ 19656 19332 19296 19308 19308 19296 19308 19296 19296 19296 19296 19296 19296 19296 19296 19296 19296 19296 19296 19296 19296 19296 19296 19296 19296 19308 19296 19296 19320 19308 19320 19308 19296 19320 19308 19320 19320 19320 19308 19308 19320 19320 19308 19320 19308 19320 19320 19296 19320 19320 19296 19308 19284 19296 19296 19272 19296 19272 19272 19296 19296 19272 19272 19284 19296 19272 19272 19260 19260 19272 19272 19236 19272 19260 19260 19272 19272 19284 19248 19260 19272 19272 19248 19260 19236 19260 19260 19248 19260 19236 19236 19236 19224 19236 19236 19236 19236 19236 19236 19236 19236 19248 19236 19248 19248 19248 19248 19248 19248 19248 19248 19248 19248 19248 19248 19248 19248 19248 19248 19248 ]
[ 17136 19404 19368 19368 19392 19380 19380 19368 19368 19368 19368 19368 19356 19344 19368 19356 19356 19344 19344 19356 19380 19380 19368 19380 19380 19380 19380 19380 19380 19368 19380 19380 19380 19368 19380 19380 19368 19368 19368 19368 19368 19368 19368 19368 19368 19368 19368 19368 19368 19368 19368 19356 19368 19356 19356 19356 19356 19356 19368 19368 19356 19356 19356 19356 19356 19356 19356 19356 19356 19356 19368 19356 19356 19356 19356 19368 19368 19368 19368 19356 19356 19368 19368 19356 19368 19368 19368 19368 19368 19368 19356 19356 19356 19344 19368 19368 19356 19344 19344 19344 19344 19344 19344 19344 19344 19344 19344 19344 19344 19344 19344 19344 19344 19344 19344 19344 19344 19344 19344 19344 ]
[ 11616 13800 14100 14064 14064 14064 14064 14064 14064 14064 14064 14064 14064 14076 14076 14052 14052 14040 14040 14064 14052 14052 14052 14064 14052 14040 14052 14076 14052 14040 14040 14052 14088 14040 14076 14052 14064 14064 14016 14052 14028 14052 14052 14016 14052 14028 14028 14052 14040 14040 14040 14028 14040 14040 14052 14052 14040 14028 14040 14052 14028 14016 14016 14004 14028 14016 14016 14028 14028 14028 14028 14028 14016 14028 14028 14028 14028 14064 14028 14016 14028 14028 14028 13992 14016 14016 14040 14028 14016 14040 14028 14040 14028 14040 14028 14028 14040 14028 14016 14028 14028 14004 14016 14016 14004 14028 14028 14016 14016 14016 14028 14016 14016 14016 14004 14016 13992 14028 14016 14016 ]
[ 5472 6624 6840 6900 6900 6912 6900 6864 6900 6888 6876 6900 6864 6876 6888 6888 6852 6828 6864 6912 6888 6900 6900 6900 6900 6900 6900 6912 6900 6900 6888 6924 6924 6912 6924 6900 6924 6912 6900 6888 6900 6900 6924 6888 6900 6864 6900 6912 6912 6900 6888 6888 6864 6900 6888 6888 6888 6876 6900 6888 6888 6864 6864 6864 6888 6876 6888 6900 6900 6900 6900 6900 6876 6900 6900 6864 6912 6924 6900 6876 6900 6900 6912 6828 6888 6888 6900 6900 6900 6888 6900 6900 6900 6900 6900 6876 6888 6900 6900 6900 6900 6876 6840 6828 6876 6888 6900 6876 6888 6888 6888 6888 6876 6876 6888 6876 6876 6888 6864 6852 ]
];
sensors_y = [
[ 2064 3828 3984 4020 4020 4008 4020 4032 4032 4032 4032 4032 4032 4032 4032 4032 4032 4032 4032 4032 4032 4032 4032 4032 4032 4044 4032 4032 4056 4044 4056 4044 4032 4056 4044 4056 4056 4056 4044 4044 4056 4056 4044 4056 4044 4056 4056 4056 4056 4056 4080 4068 4092 4080 4080 4104 4080 4104 4080 4080 4080 4104 4104 4068 4092 4116 4104 4116 4128 4104 4104 4140 4104 4116 4116 4116 4104 4092 4104 4116 4104 4104 4104 4116 4140 4116 4116 4128 4116 4140 4140 4140 4128 4140 4140 4140 4140 4140 4140 4140 4140 4152 4140 4152 4152 4152 4152 4152 4152 4152 4152 4152 4152 4152 4152 4176 4152 4152 4164 4152 ]
[ 63760 65452 288 360 396 420 420 432 432 432 432 432 444 456 444 444 468 480 456 468 492 480 480 492 492 492 492 492 492 504 492 504 492 504 492 516 528 528 528 504 528 528 528 528 528 528 528 528 528 528 528 540 552 540 540 540 540 564 552 552 564 540 552 540 540 564 564 564 564 564 576 564 564 564 564 576 576 552 576 564 564 576 576 588 576 576 576 576 576 576 588 588 588 600 588 588 588 600 600 600 600 600 600 600 600 600 600 600 600 600 600 600 600 600 600 600 600 600 600 600 ]
[ 65512 1080 1524 1632 1656 1656 1680 1680 1680 1680 1680 1692 1692 1692 1692 1692 1692 1728 1704 1680 1692 1692 1692 1680 1692 1704 1692 1692 1692 1704 1704 1692 1728 1728 1692 1716 1704 1728 1728 1692 1716 1740 1740 1728 1692 1716 1740 1740 1728 1728 1728 1716 1752 1752 1740 1740 1752 1764 1728 1752 1740 1728 1752 1740 1740 1752 1728 1764 1764 1764 1764 1764 1752 1764 1764 1764 1764 1776 1764 1752 1764 1764 1764 1788 1776 1776 1776 1764 1776 1776 1764 1776 1764 1776 1764 1776 1776 1788 1776 1788 1788 1788 1788 1776 1788 1788 1788 1800 1776 1800 1788 1800 1800 1800 1788 1800 1800 1788 1800 1800 ]
[ 64312 64240 64288 64324 64336 64312 64324 64360 64324 64336 64348 64360 64384 64348 64336 64336 64372 64396 64360 64312 64348 64336 64324 64324 64324 64324 64324 64312 64324 64324 64336 64300 64300 64312 64300 64324 64300 64312 64324 64264 64324 64324 64300 64336 64324 64288 64324 64312 64312 64324 64336 64336 64384 64324 64360 64336 64336 64372 64324 64336 64336 64360 64360 64360 64336 64348 64360 64324 64324 64324 64324 64324 64348 64348 64324 64360 64324 64300 64324 64348 64324 64324 64312 64348 64336 64336 64324 64324 64324 64336 64324 64324 64324 64324 64324 64384 64360 64324 64324 64324 64324 64348 64360 64348 64372 64360 64348 64348 64336 64348 64336 64360 64372 64372 64360 64372 64372 64360 64384 64396 ]
];
house_keep = [
[ 38959 38955 38958 38957 38958 38955 38958 0 ]
[ 32651 32651 32653 32653 32653 32655 32651 0 ]
[ 38953 38950 38954 38953 38950 38952 38950 0 ]
[ 50040 50077 50123 50138 50178 50218 50247 0 ]
[ 50040 50077 50123 50138 50178 50218 50247 0 ]
];
config = [309 616 2 1 0 ]