sensors_x = [
[ 19584 19284 19248 19236 19224 19200 19224 19236 19212 19200 19200 19176 19188 19164 19188 19200 19188 19176 19164 19188 19188 19188 19176 19176 19176 19188 19188 19200 19200 19188 19200 19200 19200 19200 19176 19164 19188 19188 19176 19176 19164 19164 19164 19152 19164 19176 19176 19164 19188 19176 19164 19164 19176 19152 19176 19176 19176 19164 19152 19176 19152 19164 19188 19188 19176 19176 19188 19164 19164 19140 19176 19164 19152 19176 19164 19176 19152 19176 19152 19164 19164 19140 19164 19164 19152 19152 19152 19188 19188 19176 19188 19164 19176 19188 19176 19164 19176 19176 19164 19152 19164 19164 19164 19164 19164 19140 19164 19164 19152 19164 19176 19152 19176 19152 19164 19140 19164 19164 19152 19152 ]
[ 17160 19368 19368 19344 19332 19332 19344 19344 19332 19332 19320 19320 19320 19320 19332 19332 19308 19320 19332 19320 19308 19308 19320 19308 19308 19320 19320 19320 19320 19320 19320 19320 19320 19320 19308 19308 19308 19308 19308 19320 19308 19296 19308 19296 19296 19308 19332 19308 19308 19296 19308 19320 19320 19308 19320 19332 19332 19332 19332 19320 19332 19332 19332 19332 19332 19332 19320 19308 19320 19332 19320 19332 19320 19332 19320 19332 19308 19332 19308 19308 19308 19308 19320 19308 19332 19332 19308 19320 19332 19332 19332 19332 19332 19332 19320 19332 19332 19332 19332 19332 19332 19320 19332 19332 19320 19332 19332 19332 19320 19332 19332 19344 19332 19320 19320 19320 19320 19308 19320 19332 ]
[ 11604 13716 13956 14004 13992 13980 13980 13992 13980 13968 13968 13968 13920 13944 13932 13932 13944 13956 13956 13956 13956 13956 13944 13956 13956 13956 13944 13944 13956 13956 13932 13944 13932 13944 13932 13932 13932 13932 13932 13932 13932 13932 13932 13932 13920 13932 13920 13908 13920 13920 13920 13920 13908 13908 13908 13908 13908 13908 13920 13908 13908 13908 13908 13908 13908 13920 13920 13908 13920 13920 13920 13920 13920 13920 13920 13920 13920 13920 13920 13920 13920 13920 13920 13920 13920 13920 13920 13920 13920 13920 13920 13920 13920 13920 13920 13920 13920 13920 13908 13920 13920 13908 13908 13920 13908 13908 13920 13908 13920 13908 13908 13896 13908 13908 13896 13908 13908 13908 13908 13908 ]
[ 5508 6636 6840 6852 6852 6852 6852 6876 6948 6864 6924 6924 6864 6924 6924 6876 6900 6900 6864 6864 6936 6888 6924 6876 6888 6888 6912 6876 6876 6876 6876 6828 6876 6876 6864 6876 6924 6876 6876 6876 6876 6912 6876 6876 6924 6900 6948 6876 6888 6900 6876 6876 6924 6888 6876 6924 6936 6900 6936 6900 6900 6864 6876 6876 6876 6888 6876 6876 6876 6912 6912 6924 6888 6936 6900 6888 6864 6900 6876 6888 6852 6852 6864 6864 6876 6864 6864 6864 6852 6852 6864 6888 6852 6924 6876 6876 6888 6900 6876 6840 6852 6864 6876 6876 6876 6840 6900 6876 6936 6912 6900 6816 6864 6912 6876 6912 6888 6924 6924 6924 ]
];
sensors_y = [
[ 2280 4068 4224 4236 4248 4248 4272 4260 4260 4272 4272 4272 4284 4344 4308 4320 4308 4320 4308 4332 4332 4332 4320 4320 4320 4332 4332 4344 4344 4332 4344 4344 4344 4344 4356 4356 4332 4332 4344 4368 4356 4356 4356 4344 4356 4368 4368 4380 4380 4368 4356 4356 4392 4368 4392 4392 4392 4380 4368 4416 4368 4380 4416 4404 4392 4416 4416 4404 4380 4380 4392 4404 4368 4416 4404 4404 4392 4416 4392 4380 4404 4380 4404 4404 4392 4392 4392 4428 4428 4416 4428 4404 4416 4428 4416 4428 4416 4416 4428 4392 4428 4452 4428 4428 4428 4428 4404 4428 4440 4428 4440 4416 4440 4416 4428 4428 4452 4440 4464 4464 ]
[ 64024 288 696 768 756 780 792 768 804 828 816 816 840 924 828 828 852 852 876 876 900 900 912 900 900 912 912 912 912 912 912 912 912 912 948 924 924 924 924 936 948 960 972 960 960 972 996 996 996 984 996 1008 1008 996 1008 1020 1020 1020 1020 1008 1020 1020 1020 1020 1020 1020 1008 996 1008 1020 1008 1020 1008 1020 1008 1020 996 1020 996 996 996 996 1008 996 1020 1020 996 1008 1020 1020 1020 1020 1020 1020 1008 1020 1020 1020 1044 1020 1020 1032 1020 1020 1032 1044 1020 1044 1032 1044 1044 1032 1044 1056 1056 1056 1056 1044 1056 1068 ]
[ 132 1392 1764 1884 1896 1908 1908 1896 1908 1920 1920 1920 1968 2076 2004 2004 2016 2028 2028 2028 2028 2028 2040 2028 2028 2028 2040 2064 2052 2028 2076 2076 2076 2064 2076 2076 2076 2076 2076 2076 2076 2088 2076 2076 2088 2076 2088 2100 2088 2088 2088 2088 2100 2100 2100 2100 2100 2100 2088 2100 2100 2100 2100 2100 2100 2088 2088 2100 2088 2088 2088 2088 2088 2088 2088 2088 2088 2088 2088 2088 2088 2088 2088 2088 2088 2088 2088 2088 2088 2088 2088 2088 2088 2088 2088 2088 2088 2088 2100 2088 2100 2100 2100 2088 2100 2100 2088 2100 2112 2100 2100 2088 2100 2100 2112 2100 2124 2124 2124 2124 ]
[ 64372 64324 64384 64396 64396 64396 64396 64372 64444 64408 64420 64420 64408 64468 64468 64420 64444 64444 64408 64408 64456 64432 64468 64420 64432 64432 64432 64420 64420 64420 64420 64444 64420 64420 64408 64420 64468 64420 64420 64420 64420 64432 64420 64420 64444 64444 64444 64420 64432 64444 64420 64420 64468 64432 64420 64468 64456 64444 64468 64480 64444 64408 64420 64420 64420 64432 64420 64420 64420 64432 64408 64420 64384 64432 64396 64408 64408 64396 64372 64384 64396 64396 64408 64384 64420 64384 64408 64408 64396 64396 64384 64384 64396 64420 64396 64420 64432 64420 64420 64384 64396 64432 64420 64420 64420 64432 64420 64420 64432 64456 64444 64432 64456 64456 64420 64456 64456 64468 64468 64468 ]
];
house_keep = [
[ 38951 38955 38954 38954 38957 38953 38955 0 ]
[ 32649 32648 32650 32649 32649 32651 32648 0 ]
[ 38950 38949 38951 38949 38953 38949 38949 0 ]
[ 50418 50437 50462 50481 50524 50546 50574 0 ]
[ 50418 50437 50462 50481 50524 50546 50574 0 ]
];
config = [309 616 2 1 0 ]