sensors_x = [
[ 19632 19380 19320 19308 19320 19308 19296 19296 19332 19284 19320 19320 19308 19308 19320 19320 19320 19320 19308 19320 19320 19320 19308 19320 19320 19320 19320 19320 19320 19320 19320 19320 19308 19332 19320 19320 19308 19320 19320 19320 19320 19320 19320 19320 19320 19320 19308 19320 19320 19320 19308 19308 19320 19308 19308 19308 19308 19308 19308 19308 19308 19308 19308 19308 19308 19308 19308 19308 19308 19308 19308 19320 19308 19308 19308 19308 19308 19308 19320 19308 19320 19308 19308 19308 19320 19308 19320 19308 19308 19308 19308 19320 19320 19308 19320 19308 19308 19308 19308 19308 19308 19308 19308 19308 19320 19308 19308 19308 19320 19308 19308 19320 19296 19296 19308 19308 19308 19308 19296 19308 ]
[ 17148 19380 19380 19404 19392 19392 19392 19380 19392 19368 19368 19368 19368 19356 19368 19356 19356 19368 19356 19368 19344 19356 19368 19368 19368 19368 19368 19368 19356 19368 19368 19368 19368 19368 19368 19368 19368 19368 19368 19368 19368 19368 19368 19368 19368 19368 19368 19368 19368 19368 19368 19368 19368 19368 19368 19368 19368 19356 19368 19368 19368 19368 19368 19368 19368 19368 19368 19368 19368 19368 19368 19368 19368 19368 19356 19368 19368 19368 19368 19344 19368 19368 19356 19368 19368 19344 19368 19356 19356 19368 19368 19356 19344 19356 19368 19356 19356 19356 19356 19344 19356 19356 19356 19356 19344 19356 19356 19356 19356 19356 19356 19356 19356 19356 19356 19356 19356 19356 19356 19356 ]
[ 11616 13848 14160 14220 14196 14208 14196 14196 14220 14196 14196 14196 14196 14184 14184 14184 14196 14160 14196 14196 14184 14172 14196 14196 14160 14196 14148 14172 14172 14136 14136 14148 14172 14184 14136 14124 14136 14136 14136 14124 14136 14124 14124 14124 14124 14136 14136 14136 14136 14124 14148 14148 14148 14136 14148 14160 14160 14148 14136 14160 14148 14148 14148 14160 14160 14148 14136 14148 14148 14148 14160 14160 14148 14160 14160 14160 14160 14160 14148 14148 14148 14160 14160 14172 14148 14172 14172 14172 14160 14160 14160 14160 14160 14160 14148 14088 14112 14124 14124 14136 14100 14124 14088 14088 14088 14088 14124 14124 14112 14124 14088 14076 14076 14088 14088 14088 14100 14100 14088 14088 ]
[ 5424 6564 6756 6780 6780 6780 6792 6780 6816 6804 6816 6804 6828 6804 6816 6828 6816 6828 6828 6816 6828 6828 6828 6828 6828 6828 6816 6828 6828 6804 6804 6816 6828 6828 6804 6804 6804 6804 6804 6804 6804 6804 6804 6804 6804 6816 6804 6816 6816 6804 6804 6816 6852 6816 6816 6888 6840 6840 6816 6804 6804 6780 6804 6804 6816 6792 6804 6876 6876 6816 6888 6864 6876 6780 6900 6912 6876 6828 6876 6888 6900 6912 6888 6876 6888 6876 6912 6900 6876 6852 6876 6876 6864 6852 6876 6840 6852 6864 6828 6852 6828 6840 6828 6876 6828 6864 6864 6828 6888 6840 6840 6864 6852 6852 6828 6828 6852 6852 6852 6852 ]
];
sensors_y = [
[ 1992 3780 3912 3900 3948 3948 3960 3960 3948 3972 4008 4008 3972 3996 4008 4008 4008 4008 3996 4008 4008 4008 4020 4008 4008 4008 4008 4008 4008 4008 4008 4008 3996 3972 4008 4008 4020 4008 4008 4008 4008 4008 4008 4008 4008 4008 4020 4008 4008 4008 4020 4020 4008 4020 4020 4020 4020 4020 4020 4020 4020 4020 4020 4020 4020 4020 4020 4020 4020 4020 4020 4008 4020 4020 4020 4020 4020 4020 4008 4020 4008 4020 4020 4020 4008 4020 4008 4020 4020 4020 4020 4008 4008 4020 4008 4020 4020 4020 4020 4020 4020 4020 4020 4020 4008 4020 4020 4020 4008 4020 4020 4008 4032 4032 4020 4020 4020 4032 4032 4020 ]
[ 63604 65236 84 156 168 168 168 180 168 192 192 192 192 204 192 204 204 240 228 240 216 204 240 240 240 240 240 192 204 264 240 240 192 192 240 240 240 240 240 240 240 240 240 240 240 240 240 240 240 240 240 240 240 240 240 240 240 252 240 240 240 240 240 240 240 240 240 240 240 240 240 240 240 240 252 240 240 240 240 264 240 240 252 240 240 264 240 252 252 252 240 252 264 276 240 276 276 276 276 264 276 276 276 276 264 276 276 276 276 276 276 276 276 276 276 276 276 276 276 276 ]
[ 65200 648 1008 1140 1188 1176 1188 1188 1164 1188 1188 1188 1188 1200 1200 1200 1212 1224 1212 1212 1200 1212 1212 1212 1224 1212 1236 1212 1212 1248 1224 1236 1212 1188 1248 1260 1248 1248 1248 1260 1248 1260 1260 1260 1260 1272 1272 1272 1272 1260 1284 1284 1284 1296 1284 1296 1296 1284 1296 1296 1284 1308 1308 1320 1320 1332 1320 1332 1332 1332 1344 1344 1332 1344 1344 1344 1344 1344 1332 1356 1332 1344 1344 1356 1332 1356 1356 1356 1368 1368 1368 1368 1368 1368 1380 1440 1416 1404 1416 1416 1428 1428 1440 1440 1440 1440 1452 1452 1464 1452 1500 1476 1500 1512 1488 1488 1500 1500 1512 1512 ]
[ 64072 63868 63892 63916 63940 63940 63928 63940 63940 63964 63976 63964 63988 63964 63976 63988 63976 63988 63988 63976 63988 63988 63988 63988 63988 64000 64000 63988 63988 64012 64012 64000 63988 63988 64012 64012 64012 64012 64012 64012 64012 64012 64012 64012 64012 64024 64036 64036 64024 64012 64036 64024 64036 64024 64024 64072 64072 64072 64048 64036 64060 64060 64048 64036 64024 64072 64084 64156 64156 64072 64132 64144 64156 64060 64156 64120 64132 64060 64156 64144 64108 64144 64144 64156 64168 64156 64132 64156 64156 64180 64156 64156 64168 64180 64156 64192 64180 64180 64204 64180 64204 64192 64204 64180 64204 64192 64192 64204 64168 64216 64192 64216 64204 64204 64228 64204 64204 64228 64228 64228 ]
];
house_keep = [
[ 38964 38960 38962 38961 38963 38963 38960 0 ]
[ 32659 32656 32661 32658 32658 32660 32655 0 ]
[ 38957 38956 38957 38957 38957 38957 38955 0 ]
[ 49397 49454 49526 49590 49641 49707 49750 0 ]
[ 49397 49454 49526 49590 49641 49707 49750 0 ]
];
config = [309 616 2 1 0 ]