sensors_x = [
[ 19488 19380 19356 19344 19344 19320 19320 19308 19320 19308 19308 19320 19308 19320 19320 19320 19320 19320 19320 19320 19308 19320 19308 19320 19308 19320 19308 19308 19320 19320 19320 19332 19308 19320 19296 19320 19308 19320 19320 19320 19308 19320 19308 19308 19320 19320 19320 19320 19320 19320 19308 19320 19320 19320 19320 19308 19308 19308 19320 19320 19320 19308 19308 19308 19308 19308 19308 19308 19308 19308 19308 19320 19308 19308 19308 19308 19308 19308 19308 19308 19308 19308 19308 19308 19308 19308 19308 19308 19308 19308 19296 19308 19308 19308 19308 19296 19308 19308 19308 19296 19296 19296 19308 19296 19308 19296 19308 19296 19296 19296 19296 19296 19296 19308 19308 19296 19296 19296 19296 19296 ]
[ 19176 19380 19416 19392 19392 19380 19380 19392 19404 19392 19392 19404 19380 19404 19404 19404 19404 19404 19392 19392 19392 19380 19392 19392 19380 19392 19380 19380 19380 19380 19380 19380 19368 19368 19368 19368 19392 19380 19380 19380 19380 19368 19368 19368 19368 19368 19368 19368 19368 19368 19368 19368 19368 19368 19368 19356 19368 19368 19368 19368 19368 19368 19368 19368 19368 19368 19368 19356 19368 19368 19368 19368 19368 19356 19368 19368 19356 19368 19368 19356 19356 19368 19356 19356 19356 19356 19356 19368 19356 19356 19380 19356 19356 19356 19356 19380 19356 19380 19356 19380 19380 19380 19356 19368 19356 19380 19368 19380 19380 19380 19380 19380 19380 19380 19356 19380 19380 19380 19380 19368 ]
[ 12996 14088 14172 14244 14220 14232 14232 14232 14196 14208 14196 14208 14172 14172 14208 14184 14184 14172 14184 14172 14184 14196 14172 14196 14196 14196 14148 14184 14172 14172 14148 14160 14148 14148 14184 14148 14148 14208 14184 14148 14124 14148 14172 14148 14148 14148 14124 14136 14148 14136 14148 14148 14148 14124 14124 14148 14124 14124 14136 14172 14124 14136 14124 14124 14124 14136 14148 14172 14124 14124 14124 14136 14124 14124 14136 14124 14124 14124 14136 14124 14136 14136 14136 14124 14136 14136 14124 14136 14124 14136 14148 14136 14124 14124 14136 14148 14124 14136 14136 14124 14124 14124 14136 14136 14172 14124 14136 14136 14124 14136 14136 14124 14124 14136 14148 14136 14136 14136 14136 14136 ]
[ 6060 6612 6732 6756 6768 6756 6732 6756 6780 6792 6792 6768 6720 6744 6768 6768 6768 6780 6768 6768 6768 6780 6756 6756 6768 6756 6756 6780 6768 6792 6780 6756 6768 6828 6780 6780 6756 6804 6828 6792 6756 6756 6768 6780 6756 6768 6780 6756 6780 6780 6768 6744 6744 6780 6756 6768 6768 6780 6744 6756 6768 6768 6768 6756 6768 6756 6768 6792 6768 6756 6732 6756 6744 6732 6768 6768 6756 6768 6768 6756 6756 6756 6756 6768 6756 6816 6756 6744 6756 6756 6768 6756 6756 6768 6756 6756 6744 6756 6756 6756 6768 6780 6756 6756 6780 6780 6756 6768 6768 6768 6768 6804 6780 6744 6828 6804 6804 6732 6780 6780 ]
];
sensors_y = [
[ 3120 3780 3828 3840 3840 3864 3864 3876 3888 3876 3876 3888 3876 3888 3888 3912 3912 3912 3912 3912 3924 3936 3924 3912 3924 3912 3924 3900 3936 3936 3936 3948 4020 3984 3984 4008 3996 4008 4008 4008 3996 4008 3996 4020 4008 4008 4008 4008 4020 4008 4020 4008 4008 4008 4008 3972 4020 4020 4008 4008 4008 4020 4020 4020 4020 4020 4020 4020 4020 4020 4020 4008 4020 4020 4020 4020 4020 4020 4020 4020 4020 4020 4020 4020 4020 4020 4020 4020 4020 4020 4032 4020 4020 4020 4020 4032 4020 4044 4020 4032 4032 4032 4020 4032 4020 4032 4032 4032 4032 4032 4032 4032 4032 4044 4032 4032 4032 4032 4032 4032 ]
[ 64216 65356 65512 12 72 84 84 120 132 120 144 156 132 156 156 156 156 156 168 168 168 180 168 168 180 168 180 180 180 180 180 180 240 192 192 192 216 204 228 228 228 240 216 240 240 240 240 240 240 240 240 240 240 240 240 228 240 240 240 240 240 264 264 252 252 264 240 264 240 264 264 252 264 252 264 264 252 264 264 276 276 264 276 276 276 276 276 288 276 276 300 276 276 276 276 300 276 300 276 300 300 300 276 288 276 300 288 300 300 300 300 300 300 300 276 300 300 300 300 288 ]
[ 84 816 1020 1116 1140 1152 1152 1152 1188 1176 1188 1176 1164 1188 1200 1200 1200 1188 1200 1212 1200 1212 1212 1212 1212 1212 1236 1200 1212 1212 1236 1236 1260 1236 1224 1236 1236 1236 1248 1236 1260 1236 1236 1236 1236 1236 1260 1248 1248 1248 1236 1236 1236 1260 1260 1236 1260 1260 1248 1236 1260 1272 1260 1260 1260 1272 1236 1284 1260 1260 1260 1260 1260 1260 1248 1260 1260 1260 1272 1260 1272 1272 1272 1260 1272 1272 1260 1272 1260 1272 1284 1272 1260 1260 1272 1284 1260 1272 1248 1260 1260 1260 1248 1248 1236 1260 1248 1248 1260 1248 1272 1260 1260 1272 1236 1248 1248 1248 1248 1248 ]
[ 63820 63700 63748 63724 63736 63724 63772 63724 63772 63760 63832 63760 63760 63784 63808 63808 63808 63772 63808 63808 63784 63820 63796 63796 63784 63796 63796 63772 63784 63808 63796 63796 63808 63820 63772 63796 63724 63820 63820 63856 63796 63796 63760 63772 63796 63784 63772 63796 63772 63772 63784 63772 63784 63772 63796 63748 63784 63772 63760 63748 63760 63808 63784 63748 63736 63748 63736 63784 63736 63748 63772 63748 63760 63772 63760 63736 63748 63760 63736 63772 63748 63748 63724 63736 63748 63808 63748 63760 63748 63748 63760 63748 63748 63748 63748 63796 63784 63796 63748 63796 63760 63772 63748 63796 63772 63772 63796 63808 63784 63808 63808 63844 63868 63856 63832 63844 63892 63868 63868 63844 ]
];
house_keep = [
[ 38966 38967 38970 38968 38967 38968 38964 0 ]
[ 32663 32664 32664 32660 32667 32661 32660 0 ]
[ 38962 38962 38961 38958 38962 38961 38962 0 ]
[ 48775 48869 48955 49046 49130 49216 49288 0 ]
[ 48775 48869 48955 49046 49130 49216 49288 0 ]
];
config = [309 616 2 1 0 ]