sensors_x = [
[ 19584 19224 19176 19164 19164 19176 19176 19152 19152 19176 19164 19164 19128 19152 19128 19140 19140 19176 19140 19164 19164 19152 19152 19164 19164 19152 19152 19152 19152 19164 19164 19152 19164 19164 19152 19152 19164 19152 19152 19152 19152 19152 19164 19140 19152 19164 19152 19152 19140 19152 19164 19140 19152 19164 19140 19164 19140 19140 19152 19164 19176 19164 19152 19164 19140 19152 19176 19176 19176 19164 19164 19164 19164 19176 19176 19176 19164 19164 19164 19152 19176 19164 19152 19164 19164 19164 19152 19176 19152 19164 19152 19164 19152 19140 19152 19152 19164 19164 19152 19152 19140 19152 19152 19164 19140 19176 19164 19140 19152 19140 19152 19128 19140 19128 19152 19164 19152 19128 19128 19140 ]
[ 17148 19344 19320 19320 19308 19332 19332 19320 19320 19320 19320 19320 19332 19332 19356 19344 19332 19320 19356 19356 19344 19332 19344 19320 19320 19344 19356 19344 19320 19308 19344 19332 19344 19344 19320 19308 19320 19332 19344 19332 19332 19344 19320 19308 19320 19332 19332 19332 19332 19320 19344 19320 19320 19320 19320 19332 19320 19320 19320 19308 19320 19320 19320 19320 19308 19320 19320 19320 19320 19320 19320 19320 19320 19320 19320 19308 19308 19296 19320 19308 19308 19308 19320 19308 19320 19308 19308 19308 19296 19308 19308 19296 19320 19308 19308 19320 19308 19308 19308 19308 19308 19320 19308 19308 19308 19308 19308 19308 19308 19296 19308 19308 19308 19308 19308 19320 19320 19320 19296 19308 ]
[ 11592 13680 13920 13932 13920 13908 13908 13908 13908 13908 13908 13920 13908 13896 13908 13920 13908 13908 13908 13908 13908 13908 13908 13908 13908 13908 13908 13908 13920 13920 13920 13908 13908 13908 13908 13908 13908 13908 13908 13908 13908 13908 13908 13908 13908 13908 13908 13908 13908 13944 13908 13908 13920 13908 13908 13908 13908 13908 13908 13908 13908 13908 13908 13908 13908 13920 13908 13908 13908 13908 13908 13908 13908 13908 13908 13908 13908 13908 13908 13908 13908 13908 13908 13908 13908 13908 13908 13908 13908 13908 13908 13908 13908 13908 13908 13908 13908 13908 13908 13908 13932 13908 13908 13908 13908 13908 13908 13908 13908 13908 13908 13896 13908 13896 13908 13908 13908 13908 13908 13896 ]
[ 5484 6648 6840 6924 6828 6924 6924 6924 6924 6912 6888 6924 6888 6924 6924 6948 6924 6912 6924 6924 6912 6924 6924 6888 6876 6924 6924 6876 6876 6912 6912 6876 6864 6864 6936 6876 6924 6852 6876 6876 6888 6852 6852 6888 6852 6864 6864 6852 6864 6912 6852 6888 6864 6864 6876 6864 6876 6864 6888 6864 6852 6864 6876 6864 6852 6912 6864 6852 6852 6876 6852 6876 6876 6876 6876 6852 6864 6888 6888 6864 6876 6864 6876 6852 6852 6864 6864 6900 6912 6864 6864 6852 6852 6828 6852 6852 6852 6852 6864 6876 6924 6876 6912 6852 6900 6876 6876 6900 6912 6900 6876 6876 6900 6876 6888 6876 6864 6876 6876 6900 ]
];
sensors_y = [
[ 2400 4248 4368 4404 4380 4416 4416 4440 4416 4416 4428 4476 4440 4488 4464 4476 4476 4440 4476 4500 4500 4488 4488 4500 4500 4488 4488 4488 4488 4500 4500 4488 4500 4500 4488 4488 4500 4488 4488 4488 4488 4488 4500 4476 4488 4500 4488 4488 4476 4440 4500 4476 4488 4500 4476 4500 4476 4500 4488 4524 4536 4500 4512 4524 4476 4560 4536 4536 4536 4512 4524 4524 4524 4536 4536 4536 4524 4524 4524 4512 4536 4524 4512 4524 4548 4524 4512 4536 4560 4572 4536 4524 4512 4572 4560 4572 4548 4560 4560 4584 4572 4548 4572 4572 4572 4560 4572 4560 4560 4572 4560 4560 4572 4560 4560 4548 4512 4560 4560 4548 ]
[ 64132 552 912 1008 996 1044 1044 1056 1056 1056 1056 1056 1068 1068 1092 1080 1068 1056 1092 1092 1116 1068 1104 1128 1104 1104 1092 1080 1104 1116 1104 1116 1104 1116 1128 1116 1128 1116 1104 1092 1092 1092 1128 1068 1128 1116 1128 1092 1116 1056 1080 1080 1128 1128 1128 1116 1128 1128 1128 1116 1128 1128 1128 1128 1068 1128 1128 1128 1128 1128 1128 1128 1128 1128 1128 1140 1140 1128 1128 1140 1140 1140 1128 1140 1152 1140 1140 1140 1128 1140 1140 1128 1128 1188 1140 1152 1140 1140 1140 1140 1140 1152 1140 1140 1140 1140 1140 1140 1116 1128 1140 1140 1140 1140 1140 1128 1128 1152 1176 1140 ]
[ 240 1536 1992 2076 2088 2100 2100 2100 2100 2100 2100 2112 2124 2136 2124 2136 2124 2124 2124 2124 2124 2124 2124 2124 2124 2124 2100 2100 2112 2112 2112 2100 2100 2124 2124 2100 2100 2100 2100 2100 2100 2100 2100 2100 2100 2100 2100 2100 2100 2088 2100 2100 2112 2100 2100 2100 2100 2100 2100 2100 2100 2100 2100 2100 2100 2112 2100 2100 2100 2100 2100 2100 2100 2100 2100 2100 2100 2100 2100 2100 2100 2100 2100 2100 2100 2100 2100 2100 2100 2100 2100 2100 2100 2124 2100 2100 2100 2100 2100 2100 2124 2100 2100 2100 2100 2100 2100 2100 2100 2100 2112 2112 2100 2112 2100 2100 2100 2124 2124 2112 ]
[ 64348 64384 64384 64420 64432 64468 64468 64468 64468 64456 64432 64468 64456 64468 64468 64444 64468 64432 64468 64468 64432 64468 64468 64432 64420 64420 64420 64396 64420 64408 64408 64420 64408 64408 64432 64420 64456 64396 64372 64372 64384 64396 64396 64384 64396 64408 64384 64396 64384 64396 64396 64384 64408 64384 64372 64384 64384 64384 64384 64408 64396 64384 64372 64384 64396 64408 64384 64396 64396 64372 64396 64396 64372 64372 64372 64396 64384 64384 64384 64384 64372 64384 64384 64396 64396 64384 64408 64396 64408 64384 64384 64396 64396 64420 64396 64396 64396 64396 64384 64420 64420 64420 64408 64396 64420 64420 64420 64432 64432 64420 64420 64420 64420 64420 64432 64420 64396 64420 64420 64444 ]
];
house_keep = [
[ 38957 38957 38961 38956 38955 38955 38956 0 ]
[ 32648 32647 32649 32649 32644 32648 32644 0 ]
[ 38949 38951 38949 38952 38950 38950 38949 0 ]
[ 50482 50498 50518 50558 50590 50618 50640 0 ]
[ 50482 50498 50518 50558 50590 50618 50640 0 ]
];
config = [309 616 2 1 0 ]