sensors_x = [
[ 19632 19320 19284 19260 19308 19272 19284 19260 19260 19260 19248 19248 19236 19248 19248 19248 19248 19248 19248 19248 19248 19236 19248 19236 19248 19260 19248 19248 19248 19248 19236 19236 19224 19248 19236 19248 19236 19224 19236 19248 19248 19248 19248 19248 19236 19236 19236 19248 19248 19236 19248 19248 19248 19260 19248 19248 19260 19260 19260 19260 19248 19272 19272 19236 19260 19260 19248 19260 19260 19260 19260 19260 19260 19260 19248 19236 19248 19260 19248 19248 19260 19248 19260 19248 19260 19248 19248 19248 19248 19224 19260 19248 19248 19224 19248 19248 19248 19248 19248 19248 19248 19248 19236 19224 19212 19236 19224 19224 19236 19248 19224 19248 19224 19248 19236 19224 19236 19248 19248 19248 ]
[ 17148 19392 19368 19368 19368 19368 19368 19368 19368 19368 19368 19356 19344 19344 19344 19344 19344 19344 19344 19344 19344 19344 19344 19344 19344 19344 19344 19344 19344 19344 19344 19332 19344 19344 19332 19332 19344 19332 19320 19332 19344 19332 19344 19344 19356 19344 19332 19344 19356 19344 19344 19344 19344 19344 19356 19344 19368 19392 19380 19380 19380 19368 19392 19368 19368 19368 19380 19380 19380 19368 19368 19368 19368 19356 19356 19356 19356 19356 19356 19356 19356 19356 19356 19356 19356 19356 19356 19356 19356 19344 19356 19356 19356 19344 19356 19356 19356 19356 19344 19356 19356 19356 19356 19344 19344 19356 19344 19344 19344 19344 19344 19344 19344 19344 19344 19344 19344 19344 19356 19344 ]
[ 11592 13788 14064 14064 14076 14028 14040 14040 14052 14052 14040 14028 14028 14040 14040 14040 14040 14028 14028 14040 14028 14028 14016 13980 14016 14016 14016 14028 14016 14064 14040 14016 14028 14016 14016 13992 14028 14016 14004 13992 14016 14040 14040 14028 14016 14028 14028 14028 14028 14028 14016 14016 14016 14016 14028 14016 14028 14040 14040 14016 14028 14040 14040 14040 14040 14040 14016 14040 14016 14016 14016 14028 14016 14028 14028 14016 14028 14016 14004 14016 14028 14016 14016 14004 14016 14004 14016 14028 14004 13992 14028 14028 14004 14004 14016 14004 14004 14004 14004 14004 14004 14016 14004 14004 13992 14004 13992 14004 13992 13992 13992 13992 13992 13968 13992 13992 13980 13968 13992 13980 ]
[ 5484 6648 6816 6888 6924 6924 6900 6924 6912 6924 6888 6900 6900 6900 6900 6900 6900 6900 6888 6888 6900 6900 6900 6864 6900 6900 6900 6900 6888 6912 6900 6900 6864 6828 6864 6888 6888 6876 6900 6900 6888 6900 6888 6876 6900 6900 6852 6876 6888 6900 6864 6888 6888 6888 6888 6900 6888 6888 6912 6900 6888 6888 6888 6888 6900 6900 6864 6864 6876 6864 6888 6900 6900 6888 6888 6864 6864 6888 6876 6876 6876 6852 6900 6888 6888 6864 6876 6876 6876 6840 6876 6900 6852 6876 6864 6876 6876 6864 6852 6852 6876 6852 6864 6852 6864 6876 6876 6900 6888 6852 6852 6864 6864 6852 6852 6852 6852 6840 6876 6852 ]
];
sensors_y = [
[ 2148 3888 4020 4092 4068 4104 4092 4116 4116 4140 4128 4140 4140 4152 4152 4152 4152 4152 4152 4176 4176 4140 4176 4176 4176 4176 4176 4176 4176 4176 4188 4164 4176 4176 4188 4176 4188 4176 4188 4200 4200 4200 4200 4200 4188 4188 4188 4200 4200 4188 4200 4200 4200 4212 4200 4200 4236 4212 4212 4212 4200 4236 4224 4188 4212 4212 4200 4236 4236 4212 4236 4236 4236 4236 4224 4236 4248 4236 4224 4224 4236 4248 4248 4248 4236 4248 4248 4248 4248 4248 4236 4248 4248 4224 4248 4248 4248 4248 4248 4248 4248 4224 4236 4224 4260 4236 4248 4248 4236 4248 4272 4248 4248 4248 4260 4272 4260 4248 4248 4248 ]
[ 63820 24 432 552 528 552 552 576 576 576 576 588 600 600 600 600 600 600 600 600 600 600 600 600 600 600 600 600 600 600 600 612 624 624 612 612 624 636 624 636 648 636 672 672 660 672 660 648 672 672 672 672 672 672 684 672 744 720 708 708 708 720 720 720 720 720 708 732 744 696 744 744 744 756 756 756 756 756 756 756 756 756 756 756 756 756 756 756 756 768 756 756 756 768 756 756 756 756 768 756 756 756 756 768 768 768 768 768 768 768 768 768 768 768 768 768 768 768 756 768 ]
[ 24 1188 1608 1728 1692 1716 1704 1728 1740 1740 1752 1764 1764 1776 1776 1776 1788 1788 1788 1824 1788 1788 1800 1788 1800 1800 1800 1812 1800 1824 1824 1800 1836 1824 1848 1776 1812 1848 1836 1824 1848 1872 1872 1860 1848 1860 1860 1860 1860 1860 1848 1848 1848 1848 1860 1848 1860 1872 1872 1848 1860 1872 1872 1872 1872 1872 1848 1872 1848 1848 1848 1860 1848 1884 1860 1872 1884 1872 1860 1872 1860 1848 1848 1884 1860 1884 1872 1884 1884 1872 1860 1884 1884 1884 1872 1884 1884 1884 1872 1884 1884 1872 1884 1884 1896 1884 1896 1896 1896 1896 1896 1896 1896 1920 1908 1896 1908 1920 1896 1908 ]
[ 64300 64264 64264 64264 64300 64300 64276 64300 64288 64300 64360 64324 64324 64336 64324 64324 64324 64324 64336 64360 64324 64324 64324 64360 64336 64324 64324 64324 64336 64312 64324 64324 64336 64324 64312 64312 64336 64348 64324 64324 64360 64324 64336 64348 64324 64324 64300 64324 64336 64324 64360 64336 64360 64360 64360 64324 64360 64336 64312 64336 64336 64336 64336 64360 64324 64324 64336 64360 64348 64360 64348 64324 64324 64336 64336 64384 64384 64336 64348 64372 64372 64396 64324 64360 64360 64384 64372 64372 64372 64384 64372 64348 64396 64372 64384 64372 64372 64396 64396 64396 64372 64396 64384 64396 64408 64384 64372 64396 64384 64396 64396 64408 64408 64396 64396 64396 64396 64384 64372 64396 ]
];
house_keep = [
[ 38958 38957 38961 38960 38954 38954 38958 0 ]
[ 32651 32650 32652 32650 32652 32650 32647 0 ]
[ 38953 38952 38952 38953 38952 38949 38953 0 ]
[ 50202 50230 50255 50290 50333 50368 50381 0 ]
[ 50202 50230 50255 50290 50333 50368 50381 0 ]
];
config = [309 616 2 1 0 ]