sensors_x = [
[ 19620 19296 19236 19248 19236 19248 19248 19236 19248 19260 19236 19272 19272 19248 19248 19248 19260 19260 19248 19248 19236 19248 19248 19248 19248 19236 19248 19248 19236 19248 19248 19224 19224 19236 19224 19248 19236 19212 19212 19212 19224 19236 19224 19224 19224 19224 19212 19224 19224 19212 19212 19200 19200 19260 19212 19212 19224 19212 19224 19224 19212 19212 19224 19224 19212 19224 19212 19224 19212 19212 19212 19200 19224 19224 19224 19212 19224 19224 19212 19212 19236 19200 19236 19224 19176 19212 19200 19212 19200 19200 19200 19200 19188 19200 19200 19200 19212 19200 19200 19212 19224 19200 19212 19212 19200 19200 19212 19212 19200 19200 19200 19200 19188 19200 19188 19212 19188 19212 19200 19188 ]
[ 17136 19368 19368 19356 19332 19344 19344 19344 19356 19380 19380 19380 19380 19344 19344 19356 19356 19368 19356 19356 19392 19356 19356 19356 19356 19344 19344 19356 19344 19344 19344 19344 19344 19344 19344 19344 19344 19344 19344 19344 19344 19344 19344 19344 19344 19344 19344 19344 19344 19344 19344 19332 19344 19356 19344 19344 19344 19344 19344 19332 19332 19344 19344 19332 19344 19344 19344 19344 19344 19344 19344 19344 19344 19344 19344 19332 19344 19344 19344 19344 19344 19344 19344 19344 19332 19344 19344 19344 19344 19332 19332 19320 19320 19344 19332 19344 19344 19344 19344 19344 19344 19332 19332 19344 19344 19332 19332 19332 19344 19332 19344 19332 19344 19320 19320 19308 19332 19332 19320 19332 ]
[ 11604 13752 14028 14076 14028 14040 14028 14028 14028 14040 14040 14028 14016 14016 14040 14004 14004 14016 14028 14004 14040 14028 14016 14004 14004 14004 14004 14004 14004 14004 14004 13992 13992 13992 13992 14004 13992 14016 13992 13992 13992 13992 13992 13992 13992 13992 13992 13992 13992 13992 13992 13980 13992 14040 13992 14028 13992 13992 13992 13992 13992 13992 13992 13968 13992 13992 13992 13992 13992 13992 13992 13992 13992 13992 13992 13992 13992 13992 13992 13992 14004 13992 13992 13992 13980 13992 13992 14004 13992 13980 14004 13980 13980 13992 14016 13992 13992 13992 13992 14004 13992 13992 13992 13992 13980 13992 13992 13992 13968 13980 13980 13980 13980 13980 13968 13956 13956 13992 13944 13932 ]
[ 5472 6636 6864 6924 6900 6888 6888 6900 6876 6888 6876 6888 6864 6852 6876 6852 6864 6876 6864 6876 6912 6888 6876 6876 6876 6876 6864 6876 6888 6888 6888 6876 6852 6900 6888 6876 6888 6924 6876 6876 6876 6876 6876 6852 6864 6864 6876 6876 6888 6888 6888 6876 6876 6912 6888 6948 6876 6888 6876 6900 6888 6864 6876 6840 6852 6852 6888 6888 6888 6888 6876 6900 6888 6876 6888 6864 6900 6888 6900 6888 6900 6876 6900 6888 6864 6900 6888 6888 6888 6876 6876 6852 6876 6864 6888 6888 6864 6876 6852 6888 6876 6888 6876 6900 6888 6876 6864 6888 6852 6864 6852 6864 6888 6852 6864 6852 6876 6852 6864 6864 ]
];
sensors_y = [
[ 2244 4008 4140 4176 4188 4200 4200 4188 4200 4212 4212 4224 4224 4248 4248 4248 4236 4236 4248 4248 4212 4248 4248 4248 4248 4236 4248 4248 4260 4248 4248 4272 4272 4260 4272 4260 4260 4284 4260 4236 4248 4272 4272 4272 4272 4272 4260 4272 4272 4260 4260 4248 4248 4236 4260 4260 4272 4260 4272 4272 4260 4260 4272 4272 4260 4272 4260 4272 4272 4260 4260 4272 4272 4272 4272 4260 4272 4272 4260 4260 4260 4248 4260 4272 4272 4260 4272 4260 4248 4296 4248 4320 4284 4272 4272 4272 4284 4272 4272 4284 4272 4272 4284 4284 4272 4272 4284 4284 4272 4272 4272 4272 4260 4272 4260 4284 4308 4284 4296 4308 ]
[ 63928 168 552 612 636 672 648 672 684 708 708 708 732 768 768 756 756 744 756 756 720 756 756 756 756 768 768 756 768 768 768 768 768 768 768 768 768 768 768 768 768 768 768 768 768 768 768 768 768 768 768 804 768 756 768 768 768 768 768 780 780 768 768 780 768 768 768 768 768 768 768 768 768 768 768 780 768 768 768 768 768 768 768 768 780 768 768 768 768 780 756 816 792 768 780 768 768 768 768 768 768 780 780 768 792 780 780 780 792 816 804 804 792 816 816 804 828 804 816 828 ]
[ 96 1272 1668 1812 1836 1872 1860 1860 1860 1872 1872 1860 1848 1896 1896 1884 1884 1872 1884 1884 1896 1884 1884 1884 1884 1884 1884 1884 1884 1884 1884 1896 1896 1896 1896 1884 1896 1920 1896 1896 1896 1896 1896 1896 1896 1896 1896 1896 1896 1896 1896 1908 1896 1896 1896 1908 1896 1896 1896 1896 1896 1896 1896 1920 1896 1896 1896 1896 1896 1896 1896 1896 1896 1896 1896 1896 1896 1896 1896 1896 1884 1896 1896 1896 1908 1896 1896 1884 1896 1908 1884 1908 1908 1896 1896 1896 1896 1896 1896 1884 1896 1896 1896 1896 1908 1896 1896 1896 1932 1908 1908 1908 1908 1908 1920 1932 1932 1908 1944 1956 ]
[ 64336 64300 64264 64300 64324 64360 64336 64348 64348 64372 64372 64360 64384 64396 64372 64396 64396 64372 64384 64372 64312 64360 64372 64372 64372 64372 64384 64384 64372 64360 64360 64372 64372 64360 64372 64372 64360 64372 64372 64372 64372 64384 64372 64396 64384 64384 64348 64348 64360 64360 64360 64372 64372 64312 64360 64336 64348 64336 64348 64336 64360 64384 64372 64384 64396 64372 64372 64360 64336 64360 64348 64324 64360 64348 64336 64360 64324 64336 64324 64336 64324 64348 64324 64360 64384 64324 64336 64336 64336 64348 64348 64396 64372 64360 64336 64360 64384 64348 64396 64360 64348 64384 64372 64324 64348 64348 64360 64336 64396 64384 64396 64384 64360 64396 64384 64396 64372 64396 64384 64384 ]
];
house_keep = [
[ 38958 38957 38955 38954 38957 38957 38954 0 ]
[ 32649 32650 32650 32648 32651 32650 32649 0 ]
[ 38948 38952 38953 38949 38951 38949 38953 0 ]
[ 50317 50366 50400 50421 50446 50457 50482 0 ]
[ 50317 50366 50400 50421 50446 50457 50482 0 ]
];
config = [309 616 2 1 0 ]