sensors_x = [
[ 19632 19380 19320 19308 19320 19296 19296 19296 19284 19296 19296 19308 19296 19308 19308 19296 19284 19308 19296 19308 19296 19308 19320 19320 19308 19320 19320 19320 19308 19320 19320 19308 19308 19308 19320 19308 19308 19308 19308 19320 19308 19308 19296 19308 19308 19308 19308 19308 19308 19308 19308 19320 19308 19296 19296 19296 19296 19308 19296 19296 19296 19296 19296 19296 19296 19296 19296 19296 19296 19296 19284 19296 19296 19296 19296 19296 19296 19296 19296 19320 19296 19296 19296 19296 19296 19296 19296 19296 19296 19296 19296 19296 19296 19296 19296 19296 19248 19296 19296 19296 19296 19296 19296 19296 19296 19296 19308 19308 19284 19296 19308 19296 19296 19320 19296 19284 19308 19320 19308 19320 ]
[ 17112 19380 19380 19392 19368 19356 19368 19368 19356 19368 19368 19368 19356 19344 19344 19344 19344 19344 19344 19344 19356 19356 19356 19368 19356 19368 19380 19380 19356 19380 19380 19380 19380 19380 19380 19380 19380 19380 19368 19380 19368 19368 19368 19368 19368 19356 19356 19356 19368 19368 19356 19368 19344 19380 19368 19344 19356 19368 19368 19392 19368 19392 19380 19368 19380 19380 19356 19380 19380 19380 19344 19368 19380 19380 19368 19368 19380 19368 19380 19368 19368 19380 19380 19380 19380 19380 19380 19380 19368 19368 19368 19368 19368 19368 19368 19368 19356 19368 19368 19368 19368 19368 19368 19368 19368 19368 19368 19368 19368 19368 19368 19368 19368 19380 19356 19368 19356 19392 19368 19344 ]
[ 11592 13824 14100 14160 14148 14136 14124 14088 14100 14124 14112 14088 14088 14100 14088 14088 14088 14076 14088 14088 14088 14088 14088 14112 14088 14112 14112 14112 14100 14112 14100 14100 14100 14100 14100 14100 14112 14112 14100 14100 14100 14088 14088 14088 14088 14088 14088 14088 14064 14088 14088 14100 14088 14064 14076 14064 14088 14088 14064 14064 14076 14100 14076 14088 14064 14064 14064 14076 14076 14076 14064 14064 14076 14064 14076 14064 14052 14076 14064 14064 14040 14040 14052 14052 14052 14052 14052 14064 14064 14064 14052 14064 14052 14064 14064 14064 14076 14064 14064 14064 14052 14064 14064 14064 14052 14064 14064 14064 14064 14064 14064 14064 14064 14064 14076 14064 14064 14076 14076 14064 ]
[ 5472 6600 6840 6876 6840 6852 6852 6852 6876 6864 6852 6852 6840 6840 6852 6852 6828 6852 6852 6852 6852 6840 6852 6840 6840 6864 6864 6828 6852 6864 6852 6900 6852 6840 6840 6864 6852 6852 6840 6840 6840 6876 6924 6900 6900 6924 6900 6900 6804 6840 6888 6900 6912 6864 6924 6828 6900 6912 6912 6924 6924 6912 6924 6900 6924 6852 6840 6900 6912 6924 6912 6924 6924 6900 6912 6912 6924 6924 6924 6912 6924 6912 6864 6912 6900 6924 6900 6900 6924 6924 6912 6924 6924 6912 6924 6924 6888 6900 6912 6912 6900 6924 6888 6912 6876 6900 6900 6912 6912 6900 6888 6900 6900 6888 6900 6912 6912 6888 6900 6876 ]
];
sensors_y = [
[ 1992 3780 3888 3900 3924 3936 3960 3960 3948 3960 3960 3972 3984 3972 3996 3984 3972 3996 3984 3996 3984 3996 4008 4008 3996 4008 4008 4008 3996 4008 4008 4020 4020 4020 4008 4020 4020 4020 3996 4008 4020 4020 4032 4020 4020 4020 4020 4020 4020 4020 4020 4008 4020 4032 4032 4032 4032 4020 4032 4032 4032 4032 4032 4032 4032 4032 4032 4032 4032 4032 4020 4032 4032 4032 4032 4032 4032 4032 4032 4056 4032 4032 4032 4032 4032 4032 4032 4032 4032 4032 4032 4032 4032 4032 4032 4032 4104 4032 4032 4032 4032 4032 4032 4032 4032 4032 4044 4044 4020 4032 4044 4032 4032 4056 4032 4020 4044 4056 4044 4056 ]
[ 63640 65260 132 168 192 204 240 240 216 240 240 240 252 264 264 264 264 264 264 264 276 276 276 288 276 288 300 300 276 300 300 300 300 300 300 300 300 300 288 300 312 312 336 312 312 324 324 324 312 312 324 312 336 372 408 360 348 360 360 384 360 384 372 360 372 372 396 372 372 396 384 372 396 396 408 408 420 408 396 432 408 420 420 420 420 420 420 420 432 432 432 432 432 432 432 432 468 432 432 432 432 432 432 432 432 432 432 444 432 432 432 432 432 492 444 432 444 480 480 456 ]
[ 65368 912 1284 1368 1404 1416 1452 1440 1428 1452 1440 1512 1512 1476 1512 1512 1512 1500 1512 1512 1512 1512 1512 1536 1512 1536 1536 1536 1524 1560 1548 1548 1548 1548 1548 1548 1560 1560 1548 1548 1572 1584 1584 1584 1584 1584 1584 1584 1560 1584 1584 1572 1584 1608 1596 1608 1584 1584 1608 1608 1596 1596 1596 1584 1608 1608 1620 1596 1596 1596 1632 1608 1596 1608 1596 1608 1644 1596 1608 1656 1632 1632 1644 1644 1644 1644 1644 1656 1656 1656 1644 1656 1644 1680 1656 1656 1692 1656 1680 1680 1668 1680 1680 1680 1668 1680 1680 1680 1680 1680 1680 1680 1680 1680 1692 1680 1680 1692 1692 1680 ]
[ 64216 64120 64192 64168 64192 64204 64204 64228 64180 64228 64216 64204 64216 64216 64228 64228 64228 64228 64228 64228 64228 64216 64228 64240 64216 64240 64240 64228 64228 64216 64228 64276 64228 64216 64216 64240 64228 64228 64216 64216 64216 64252 64300 64276 64276 64300 64276 64276 64252 64240 64264 64276 64288 64288 64300 64300 64276 64288 64288 64300 64300 64288 64300 64276 64300 64312 64288 64276 64288 64300 64324 64300 64300 64276 64288 64288 64300 64300 64300 64312 64300 64288 64300 64288 64276 64300 64276 64276 64300 64300 64288 64300 64300 64288 64300 64300 64336 64324 64312 64312 64324 64300 64336 64312 64324 64324 64324 64324 64324 64324 64336 64324 64324 64360 64324 64324 64324 64336 64324 64348 ]
];
house_keep = [
[ 38962 38958 38962 38965 38957 38962 38962 0 ]
[ 32655 32654 32658 32656 32657 32653 32653 0 ]
[ 38955 38955 38954 38955 38953 38954 38952 0 ]
[ 49768 49819 49886 49914 49971 50007 50055 0 ]
[ 49768 49819 49886 49914 49971 50007 50055 0 ]
];
config = [309 616 2 1 0 ]