sensors_x = [
[ 30480 30480 30480 30480 30480 30480 30480 30480 30480 30480 30480 30480 30480 30480 30480 30480 30480 30480 30480 30480 30480 30480 30480 30480 30480 30480 30480 30480 30480 30480 30480 30480 30480 30480 30480 30480 30480 30480 30480 30480 30480 30480 30480 30480 30480 30480 30480 30480 30480 30480 30480 30480 30480 30480 30480 30480 30480 30480 30480 30480 ]
[ 30480 30480 30480 30480 30480 30480 30480 30480 30480 30480 30480 30480 30480 30480 30480 30480 30480 30480 30480 30480 30480 30480 30480 30480 30480 30480 30480 30480 30480 30480 30480 30480 30480 30480 30480 30480 30480 30480 30480 30480 30480 30480 30480 30480 30480 30480 30480 30480 30480 30480 30480 30480 30480 30480 30480 30480 30480 30480 30480 30480 ]
[ 27924 27900 27960 27936 27876 27924 27936 27924 27900 27900 27900 27888 27948 27900 27900 27936 27924 27924 27936 27876 27924 27924 27864 27900 27912 27936 27900 27912 27936 27876 27924 27948 27960 27912 27900 27936 27888 27912 27900 27912 27876 27912 27876 27912 27924 27900 27912 27936 27924 27924 27912 27888 27936 27864 27936 27924 27900 27900 27936 27948 ]
[ 21504 21516 21540 21492 21552 21528 21516 21516 21492 21552 21552 21564 21552 21516 21540 21492 21540 21504 21516 21552 21504 21504 21492 21516 21528 21576 21540 21540 21504 21504 21564 21540 21528 21528 21528 21528 21540 21540 21540 21516 21540 21540 21552 21516 21564 21468 21492 21528 21528 21504 21504 21492 21540 21564 21552 21492 21492 21528 21504 21504 ]
];
sensors_y = [
[ 30480 30480 30480 30480 30480 30480 30480 30480 30480 30480 30480 30480 30480 30480 30480 30480 30480 30480 30480 30480 30480 30480 30480 30480 30480 30480 30480 30480 30480 30480 30480 30480 30480 30480 30480 30480 30480 30480 30480 30480 30480 30480 30480 30480 30480 30480 30480 30480 30480 30480 30480 30480 30480 30480 30480 30480 30480 30480 30480 30480 ]
[ 30480 30480 30480 30480 30480 30480 30480 30480 30480 30480 30480 30480 30480 30480 30480 30480 30480 30480 30480 30480 30480 30480 30480 30480 30480 30480 30480 30480 30480 30480 30480 30480 30480 30480 30480 30480 30480 30480 30480 30480 30480 30480 30480 30480 30480 30480 30480 30480 30480 30480 30480 30480 30480 30480 30480 30480 30480 30480 30480 30480 ]
[ 27924 27900 27960 27936 27876 27924 27936 27924 27900 27900 27900 27888 27948 27900 27900 27936 27924 27924 27936 27876 27924 27924 27864 27900 27912 27936 27900 27912 27936 27876 27924 27948 27960 27912 27900 27936 27888 27912 27900 27912 27876 27912 27876 27912 27924 27900 27912 27936 27924 27924 27912 27888 27936 27864 27936 27924 27900 27900 27936 27948 ]
[ 21504 21516 21540 21492 21552 21528 21516 21516 21492 21552 21552 21564 21552 21516 21540 21492 21540 21504 21516 21552 21504 21504 21492 21516 21528 21576 21540 21540 21504 21504 21564 21540 21528 21528 21528 21528 21540 21540 21540 21516 21540 21540 21552 21516 21564 21468 21492 21528 21528 21504 21504 21492 21540 21564 21552 21492 21492 21528 21504 21504 ]
];
house_keep = [
[ 38307 38308 38336 0 ]
[ 32637 32640 32636 0 ]
[ 38160 38161 38158 0 ]
[ 26386 26426 26456 0 ]
[ 26386 26426 26456 0 ]
];
config = [309 616 2 1 0 ]