sensors_x = [
[ 30480 30480 30480 30480 30480 30480 30480 30480 30480 30480 30480 30480 30480 30480 30480 30480 30480 30480 30480 30480 30480 30480 30480 30480 30480 30480 30480 30480 30480 30480 30480 30480 30480 30480 30480 30480 30480 30480 30480 30480 30480 30480 30480 30480 30480 30480 30480 30480 30480 30480 30480 30480 30480 30480 30480 30480 30480 30480 30480 30480 ]
[ 30480 30480 30480 30480 30480 30480 30480 30480 30480 30480 30480 30480 30480 30480 30480 30480 30480 30480 30480 30480 30480 30480 30480 30480 30480 30480 30480 30480 30480 30480 30480 30480 30480 30480 30480 30480 30480 30480 30480 30480 30480 30480 30480 30480 30480 30480 30480 30480 30480 30480 30480 30480 30480 30480 30480 30480 30480 30480 30480 30480 ]
[ 27420 27924 27936 27948 27876 27924 27924 27936 27876 27948 27924 27912 27888 27888 27900 27912 27924 27912 27900 27924 27924 27924 27888 27924 27900 27948 27912 27936 27912 27924 27936 27900 27888 27912 27936 27924 27900 27888 27924 27924 27888 27888 27912 27876 27936 27948 27924 27912 27900 27900 27912 27924 27924 27900 27912 27924 27900 27912 27888 27912 ]
[ 21588 21540 21552 21540 21552 21516 21528 21564 21492 21540 21492 21528 21516 21540 21540 21516 21492 21576 21516 21540 21480 21468 21516 21516 21552 21528 21492 21468 21516 21540 21588 21480 21588 21588 21552 21552 21516 21528 21516 21528 21504 21516 21516 21468 21564 21576 21552 21564 21516 21480 21540 21576 21492 21516 21504 21528 21516 21576 21504 21528 ]
];
sensors_y = [
[ 30480 30480 30480 30480 30480 30480 30480 30480 30480 30480 30480 30480 30480 30480 30480 30480 30480 30480 30480 30480 30480 30480 30480 30480 30480 30480 30480 30480 30480 30480 30480 30480 30480 30480 30480 30480 30480 30480 30480 30480 30480 30480 30480 30480 30480 30480 30480 30480 30480 30480 30480 30480 30480 30480 30480 30480 30480 30480 30480 30480 ]
[ 30480 30480 30480 30480 30480 30480 30480 30480 30480 30480 30480 30480 30480 30480 30480 30480 30480 30480 30480 30480 30480 30480 30480 30480 30480 30480 30480 30480 30480 30480 30480 30480 30480 30480 30480 30480 30480 30480 30480 30480 30480 30480 30480 30480 30480 30480 30480 30480 30480 30480 30480 30480 30480 30480 30480 30480 30480 30480 30480 30480 ]
[ 27420 27924 27936 27948 27876 27924 27924 27936 27876 27948 27924 27912 27888 27888 27900 27912 27924 27912 27900 27924 27924 27924 27888 27924 27900 27948 27912 27936 27912 27924 27936 27900 27888 27912 27936 27924 27900 27888 27924 27924 27888 27888 27912 27876 27936 27948 27924 27912 27900 27900 27912 27924 27924 27900 27912 27924 27900 27912 27888 27912 ]
[ 21588 21540 21552 21540 21552 21516 21528 21564 21492 21540 21492 21528 21516 21540 21540 21516 21492 21576 21516 21540 21480 21468 21516 21516 21552 21528 21492 21468 21516 21540 21588 21480 21588 21588 21552 21552 21516 21528 21516 21528 21504 21516 21516 21468 21564 21576 21552 21564 21516 21480 21540 21576 21492 21516 21504 21528 21516 21576 21504 21528 ]
];
house_keep = [
[ 38337 38309 38308 0 ]
[ 32635 32637 32640 0 ]
[ 38158 38157 38157 0 ]
[ 26460 26498 26540 0 ]
[ 26460 26498 26540 0 ]
];
config = [309 616 2 1 0 ]