sensors_x = [
[ 59680 59392 59860 59536 59308 59152 59752 59392 59692 59788 59416 59656 59776 59476 59416 59212 59092 59140 59596 59512 59452 59272 59620 59680 60040 59500 59476 59440 59176 59848 59668 59440 59632 59596 59344 59824 59512 58768 59236 59560 59260 59404 59752 59716 59776 59080 59272 59596 59308 59776 59704 59944 59848 59464 59968 59920 59104 59824 59332 60040 59176 59128 59812 60508 59068 59200 58720 59728 59152 59404 59404 59476 59536 59452 58996 59200 59620 59152 59464 59836 59632 59200 59440 59008 59740 59320 59464 59824 60076 59572 58900 59140 59488 59428 59344 59320 59368 59596 59260 59308 59140 59524 59704 59200 58996 58888 59092 59620 59728 59728 59212 59440 59728 58948 60064 58924 59332 58504 59116 58816 ]
[ 54400 54484 54388 54436 54412 54388 54340 54328 54352 54244 54304 54220 54208 54160 54172 54160 54208 54148 54196 54196 54196 54244 54340 54364 54364 54436 54484 54508 54604 54592 54664 54676 54724 54736 54796 54796 54868 54808 54856 54832 54832 54832 54832 54820 54820 54820 54796 54868 54832 54820 54820 54796 54736 54736 54580 54688 54712 54664 54628 54640 54508 54568 54520 54472 54472 54412 54412 54280 54304 54280 54256 54220 54220 54196 54208 54184 54160 54208 54184 54196 54220 54184 54256 54208 54268 54256 54256 54304 54304 54316 54304 54412 54400 54436 54424 54472 54508 54568 54556 54664 54640 54700 54748 54784 54796 54832 54796 54904 54892 54892 54940 54904 55000 55012 55036 55000 55060 55084 55048 55024 ]
[ 54760 54844 54700 54940 54748 54772 54832 54664 54616 54640 54712 54628 54592 54592 54580 54616 54604 54604 54628 54604 54664 54664 54676 54712 54784 54820 54844 54856 54892 54904 54976 55000 55048 55060 55072 55060 55096 55096 55120 55084 55096 55120 55084 55144 55072 55036 55108 55072 55060 55060 55024 55024 55000 54844 55048 55036 54988 55468 54832 54964 54796 54820 54796 54820 54808 54700 54700 54688 54688 54700 54628 54640 54616 54592 54604 54616 54628 54628 54592 54664 54664 54652 54664 54640 54664 54748 54736 54724 54760 54772 54808 54844 54832 54796 54868 54844 54904 54952 55012 55000 55024 55060 55084 55060 55156 55096 55168 55144 55180 55180 55180 55216 55264 55264 55264 55228 55276 55240 55252 55240 ]
[ 60976 60388 60460 60796 60364 60496 60796 60436 60148 60592 60652 60556 60640 60472 60592 60688 60808 60628 60640 60532 61300 60796 60844 60676 60580 60412 61192 61048 60520 60928 61144 60748 61060 60928 59500 60844 60280 60640 60760 60904 61072 60988 60628 60760 60976 60808 60616 60748 60820 60928 60952 61216 61060 61072 60700 60700 60736 61264 60976 61000 61084 60832 61300 60892 60832 60952 60940 61120 61384 60820 60904 61036 61288 60796 60940 60508 60880 61072 60844 60952 61000 60820 60892 60940 60892 60736 60748 60604 60616 61000 61120 60712 60796 61420 60580 60580 60616 60664 60712 60568 60880 60688 60532 60736 60700 60604 60796 60328 60676 60460 60820 60532 61048 60772 60856 60256 60616 60736 60544 60472 ]
];
sensors_y = [
[ 59344 59656 58660 59248 59260 60040 58816 59392 59212 59644 59248 59368 58720 58876 59728 59236 59068 59116 58732 59248 59212 59104 59500 60088 59272 59044 59644 58480 59560 59488 59620 59032 58840 58492 59536 59308 59632 59392 59452 59008 59848 60028 58600 58900 58864 58864 59080 58972 59140 59536 58840 59176 59176 59824 59272 59224 59320 59056 59596 59344 59032 59176 59380 59236 59380 58768 59440 58912 59560 59260 59284 59812 59968 59140 58864 58816 58636 59356 59056 58852 59128 59248 59032 58960 58996 58360 59584 58288 59092 58924 59524 58636 59104 59380 58720 58936 58876 58840 59308 59380 59044 59188 58648 59416 59884 59632 59572 58900 59032 59200 58804 59044 58840 59464 59056 58708 58924 59488 58780 59080 ]
[ 45832 45748 45844 45796 45820 45844 45892 45904 45880 45988 45928 46012 46024 46072 46060 46072 46024 46084 46036 46036 46036 45988 45892 45868 45868 45796 45748 45724 45628 45640 45568 45556 45508 45496 45436 45436 45364 45424 45376 45400 45400 45400 45400 45412 45412 45412 45436 45364 45400 45412 45412 45436 45496 45496 45652 45544 45520 45568 45604 45592 45724 45664 45712 45760 45760 45820 45820 45952 45928 45952 45976 46012 46012 46036 46024 46048 46072 46024 46048 46036 46012 46048 45976 46024 45964 45976 45976 45928 45928 45916 45928 45820 45832 45796 45808 45760 45724 45664 45676 45568 45592 45532 45484 45448 45436 45400 45436 45328 45340 45340 45292 45328 45232 45220 45196 45232 45172 45148 45184 45208 ]
[ 45472 45388 45532 45292 45484 45460 45400 45568 45616 45592 45520 45604 45640 45640 45652 45616 45628 45628 45604 45628 45568 45568 45556 45520 45448 45412 45388 45376 45340 45328 45256 45244 45184 45172 45160 45172 45136 45136 45112 45148 45136 45124 45148 45088 45160 45196 45124 45160 45172 45172 45208 45208 45232 45388 45184 45196 45244 44764 45400 45268 45436 45412 45436 45412 45424 45532 45532 45544 45544 45532 45604 45592 45616 45640 45628 45616 45604 45604 45640 45568 45568 45580 45568 45592 45568 45484 45496 45508 45472 45460 45424 45388 45400 45436 45364 45388 45328 45280 45220 45232 45208 45172 45148 45172 45076 45136 45064 45088 45052 45052 45052 45016 44968 44968 44968 45004 44956 44992 44980 44992 ]
[ 60112 60316 60676 60172 60988 60088 60172 60700 60580 60856 59932 60196 60184 60520 60520 60496 60832 60196 59968 59812 61660 60100 59980 61060 60388 60532 60376 60352 60592 60760 60376 61036 60292 61288 59356 60244 60856 60952 60568 60616 60664 60052 60532 60376 60016 60568 60400 60220 60196 60472 60520 60472 60436 60520 60460 60436 60424 60664 60616 60016 60148 59896 60364 60196 60256 60568 60820 60160 59800 60028 59872 60316 60808 60112 60172 60004 60316 60304 60004 60340 60304 60100 60076 60124 60100 60160 60028 60316 59992 59920 60136 59824 60604 60700 60244 60508 59992 60112 60328 60088 60688 60112 60292 60352 60532 60412 60628 59824 60484 60148 60436 60220 59872 60220 60112 60328 60232 60112 60232 60280 ]
];
house_keep = [
[ 44701 44699 44699 44698 44694 44697 44693 0 ]
[ 32628 32636 32634 32632 32633 32634 32634 0 ]
[ 65165 65162 65163 65164 65163 65163 65162 0 ]
[ 26629 26685 26735 26764 26800 26832 26858 0 ]
[ 26629 26685 26735 26764 26800 26832 26858 0 ]
];
config = [309 616 2 1 0 ]