sensors_x = [
[ 64456 64876 64888 64552 65032 65200 64984 65344 64852 324 64708 65344 65500 696 65320 65080 65188 120 65512 132 65092 168 64972 65356 600 64924 64804 64756 65464 64924 65020 65356 65512 65404 132 64564 65476 65512 312 65188 65404 64096 65068 65008 65020 65380 62692 64648 64192 64072 64900 64828 64936 64576 64864 65044 64504 64696 65140 612 756 64540 1008 64420 65200 64204 65032 65440 64984 63208 62344 64852 64732 64960 64372 65116 64768 65380 65176 65452 636 65416 64924 72 480 180 312 65188 65344 64300 65368 65116 84 64996 64684 64960 132 64696 65008 64984 64060 64744 65092 64648 64984 64960 64348 62008 62008 63772 432 396 61060 54688 55564 57916 63268 63640 64312 63232 ]
[ 58156 58972 58108 57976 57832 57856 57784 57628 57472 57280 63436 63640 63736 63604 63736 63772 63712 63736 63604 63700 64012 64072 63904 64012 64012 64036 63916 64060 64144 64000 64204 63820 64096 64156 63700 63172 64264 63520 64516 60868 57460 53776 55012 55024 55024 54952 55348 54316 54544 55612 53824 54868 54820 54592 54508 54628 54568 54508 55828 54340 54736 54832 56644 54400 54640 54712 54676 54760 53368 54532 54844 56032 55180 54652 54616 54508 54352 64048 64552 64180 64648 64552 64600 64480 64564 65128 64708 64840 62356 52096 64648 65320 61180 64828 60952 61516 62404 55216 55732 55384 54436 57664 61168 56872 55024 55492 55792 54148 53200 55516 60040 63592 55012 55180 55732 54664 56872 55372 55252 52696 ]
[ 61780 61708 61900 61528 63208 61744 61780 62032 62560 63280 63580 64540 64732 64276 64564 64924 65440 108 612 852 2436 1524 2340 2376 2592 2784 2724 2568 2688 2916 2808 2460 2304 2220 6360 1608 648 348 4404 59932 60616 61168 62188 62188 61744 62284 63256 65164 1020 552 62860 63232 62140 62380 62044 61996 61972 62044 57904 2940 8076 61948 62356 1056 64924 64360 64228 64012 63796 1596 57736 60760 64276 63736 63472 63400 63436 63400 63208 63196 63496 63340 62860 63196 62956 63328 62944 2940 59908 54640 60796 3540 60532 62860 61552 61684 61792 56992 56956 56692 56284 58972 60808 58252 57184 57916 55588 54124 53548 56440 59164 61732 54664 54580 55288 54916 56884 55984 56032 55360 ]
[ 65440 0 12 65176 648 144 65320 65236 64936 65248 384 65356 288 372 65236 65524 65380 192 64984 96 65500 0 65464 228 65524 60 65320 65380 504 65488 24 36 65416 24 180 65428 65392 65404 65404 168 65128 65380 65416 65380 64924 65428 65296 65164 65188 108 64816 65476 65260 65344 65068 108 65236 65188 204 204 144 64960 64660 64624 65392 65128 65308 65200 65236 64576 64492 65368 65368 64888 65092 65512 65440 60 72 36 65224 65140 65380 48 24 65488 65380 64804 65152 65020 192 64732 252 65296 65308 65320 65212 65188 65308 64756 65164 65008 65056 65404 64696 65140 64960 63928 63664 64720 65188 180 63760 62392 62596 63004 64672 64564 64732 64492 ]
];
sensors_y = [
[ 64912 65092 64504 64888 64744 65104 65284 64408 64828 348 64756 65056 64924 64984 65440 336 64876 64648 65032 64300 64780 64864 252 64588 65032 65380 64372 65380 65464 64876 396 60 64360 65212 64852 64588 65140 65080 720 64540 64420 63712 64180 64984 63724 64588 65164 63808 64288 64672 64156 64504 64696 64144 63472 64132 63712 64456 1116 62392 108 64852 336 64540 64660 64852 64936 64648 64552 63112 60640 64516 63940 64432 64420 64180 64648 64948 64864 65092 65020 64744 65008 64888 64864 64732 65152 65044 65272 65380 64480 64324 804 64156 204 24 64012 64960 64480 64096 64084 64360 64132 64696 63760 63808 63700 61912 60484 64384 65488 63916 60436 52048 53644 55780 63292 62824 63112 64288 ]
[ 55756 57436 56596 56056 55912 55792 56032 55516 55600 55000 62404 63088 63088 63100 63040 63196 62968 63016 62932 62956 62716 62800 62608 62812 62620 62584 62596 62452 62536 62776 62716 62692 62752 62788 65212 61756 62752 62488 62428 60508 56260 47728 49444 49768 49840 49936 48100 48340 48544 47644 47968 48460 48292 48040 48052 47956 48136 47944 49420 49732 49240 47968 49300 48640 48904 49048 49132 49024 49792 45700 45388 51064 49828 49060 48760 48796 49864 61720 64528 64372 64600 64600 63520 64600 64900 64888 65020 65464 61588 51544 64960 0 58216 64648 59920 59764 61108 52000 51892 50944 48772 53608 59992 54688 50584 51220 51664 46084 47584 50044 58192 62560 45220 45052 44500 45568 49528 49516 48820 47752 ]
[ 804 1260 972 960 1920 600 732 600 408 63520 2388 1788 1836 228 65428 65332 64936 64420 64396 64660 63676 63556 63028 63040 63184 62896 62764 62536 62704 62572 62728 62620 62728 62692 10344 64504 63496 64108 16596 58564 59632 59920 61060 61180 60784 61108 61768 2388 65440 264 8700 60328 63028 62740 61324 61132 61060 60700 63232 2940 4068 60052 62356 2328 684 816 972 1044 1260 1596 51448 3216 1860 1560 1608 1824 1548 1608 1608 1860 1464 1620 1716 1020 2844 2328 1944 2940 58252 52456 3180 4572 54148 84 59968 60508 61672 55048 54412 54124 53428 56236 59272 56380 54760 55708 51388 46684 48508 51616 57844 61756 47752 45700 44944 45316 52696 52144 52552 51880 ]
[ 65008 65008 65524 65440 65056 65248 65224 156 48 456 912 804 720 65164 65188 65068 65188 65104 65440 48 65188 65068 64768 65332 64900 65332 65416 64972 65440 65200 65344 65212 64960 65272 65476 64996 65032 65140 588 65056 64720 64564 65080 64828 64924 65080 65392 64960 65116 64612 65344 65332 64996 65248 65092 65236 64804 64876 64876 63916 240 64984 2652 65080 64960 65104 64972 64984 65044 63880 63820 65344 65344 64960 65092 65176 65296 65236 65272 65428 65008 65020 180 65224 64936 65128 64804 64948 65152 64660 64672 64816 65020 65056 64960 65104 65128 65188 64828 64876 64372 64744 65296 65188 64696 65260 64432 63832 63184 64336 65236 64732 63616 63028 61756 62524 63952 64588 64888 64360 ]
];
house_keep = [
[ 44695 44698 44695 44701 44709 44716 44717 0 ]
[ 32640 32642 32641 32640 32641 32640 32641 0 ]
[ 65178 65177 65174 65175 65173 65172 65165 0 ]
[ 25542 25641 25738 25820 25870 25952 26056 0 ]
[ 25542 25641 25738 25820 25870 25952 26056 0 ]
];
config = [309 616 2 1 0 ]