sensors_x = [
[ 62152 62872 62272 61528 61660 59932 59440 59344 59332 59404 59104 59272 59512 59152 59596 59152 59848 59656 59092 58648 59332 59704 59512 59308 59860 59428 59584 59644 59632 59752 60052 59500 59764 59332 59164 59524 59296 59632 59128 59404 59704 59284 59368 59536 59356 59044 59860 59368 59644 59632 59680 58936 58972 59656 60100 59740 58804 60088 59284 59284 59572 59920 59008 59272 59908 59176 59524 59560 59956 60004 59752 59500 59740 59524 59692 59812 59872 59512 59764 59716 59356 59728 59536 60220 59812 59920 59296 59536 60064 59248 59128 59452 59476 59596 59404 59272 58972 58984 59056 59656 59812 59320 59032 59344 58756 58708 59164 59464 59368 59356 59392 59536 59476 59140 59656 59548 59284 59092 59788 59188 ]
[ 54100 54460 54424 54532 54676 54832 55036 55000 54928 55036 55072 55024 54988 54940 54904 54820 54748 54760 54604 54508 54448 54388 54424 54448 54328 54196 54196 54244 54220 54244 54304 54376 54424 54484 54496 54556 54544 54604 54676 54724 54796 54844 54856 54796 54868 54832 54868 54832 54820 54724 54784 54700 54724 54664 54616 54580 54520 54532 54484 54412 54400 54376 54292 54232 54232 54220 54256 54244 54292 54244 54304 54304 54328 54328 54352 54376 54388 54412 54484 54556 54568 54640 54676 54736 54784 54844 54904 54940 55024 54940 54952 55012 55000 55012 55012 54964 54904 54892 54820 54736 54700 54616 54568 54496 54460 54376 54376 54352 54280 54232 54208 54184 54220 54196 54220 54244 54292 54292 54316 54436 ]
[ 55012 55252 55240 55336 55192 55888 54964 55600 55408 55240 55156 55168 55156 55144 55084 55036 55024 54952 54940 54844 54772 54748 54760 54772 54724 54616 54604 54676 54676 54664 54688 54820 54772 54832 54940 54844 54880 54964 54940 55072 55036 54928 54904 55372 54988 55120 55240 54964 55084 55012 55048 55000 55000 54916 54940 54892 54796 54796 54820 54772 54688 54712 54652 54676 54664 54652 54676 54892 54628 54604 54700 54640 54748 54796 54796 54820 54832 54820 54892 54856 54916 55000 55048 55072 55096 55132 55156 55144 55240 55192 55228 55240 55216 55192 55204 55192 55132 55108 55036 55048 54964 54904 54844 54856 54748 54736 54700 54700 54676 54664 54640 54628 54640 54628 54628 54676 54688 54724 54736 54784 ]
[ 62308 62464 62044 62608 62176 60844 60832 60772 60580 60676 60436 60892 60640 60544 60700 60196 60880 60508 60772 60568 60580 60676 60328 60340 60916 60472 61156 60676 60604 60748 60772 60604 60400 60844 61000 61000 61060 60664 61240 60952 60928 61072 60940 60448 60640 60784 60820 61264 61144 61012 61156 61180 60868 61036 60580 60736 60760 60712 60808 60928 61036 60988 60880 60724 61276 61408 61000 60820 60796 61348 61072 60832 60664 60664 60988 60868 60952 60844 61084 60760 61228 60832 60796 61024 60280 60436 60208 60664 60664 60796 60760 60652 61048 60580 60628 60820 60820 60616 61012 60700 60412 60832 59980 60772 60136 60316 60196 60712 60556 60808 60448 60280 60856 60916 61276 60736 61336 60796 60808 60580 ]
];
sensors_y = [
[ 61504 61672 61912 61984 62404 59716 58456 59680 58564 59308 59056 59776 59464 59392 58900 58432 59416 58984 59068 59056 58948 59548 58864 59596 59140 60268 59008 58972 59416 59560 59404 59596 59308 59356 59212 59380 59776 59200 59560 59500 59176 59476 59584 59728 58924 59380 59620 59548 59332 59440 58864 58744 59572 58720 59344 60052 58180 59632 59236 59140 59116 59080 58936 59680 59812 59296 59044 59392 59140 59068 58768 59452 59308 59068 59020 59008 59200 59104 59236 59224 59212 59296 59752 58612 58828 59248 59080 59392 59440 59152 59704 58924 59044 58996 58828 58984 59404 59392 58672 59080 58660 58840 59320 59176 59740 58588 59812 59512 59200 59572 59632 59512 58708 59284 59248 58444 59644 59188 59020 59236 ]
[ 46132 45772 45808 45700 45556 45400 45196 45232 45304 45196 45160 45208 45244 45292 45328 45412 45484 45484 45628 45724 45784 45844 45808 45784 45904 46036 46036 45988 46012 45988 45928 45856 45808 45748 45736 45676 45700 45628 45556 45508 45436 45388 45376 45436 45364 45400 45364 45400 45412 45508 45448 45532 45508 45568 45616 45652 45712 45700 45748 45820 45832 45856 45940 46000 46000 46012 45976 45988 45940 45988 45928 45928 45916 45904 45880 45856 45844 45820 45748 45676 45664 45592 45556 45496 45448 45388 45328 45292 45208 45292 45280 45232 45232 45220 45220 45268 45328 45340 45412 45496 45532 45616 45664 45736 45772 45856 45856 45880 45952 46000 46024 46048 46012 46036 46012 45988 45940 45940 45916 45796 ]
[ 45220 44980 44992 44896 45040 44344 45268 44632 44824 44992 45076 45064 45076 45088 45148 45196 45208 45280 45292 45388 45460 45484 45472 45460 45508 45616 45628 45568 45556 45568 45544 45412 45460 45400 45292 45388 45352 45268 45292 45160 45196 45304 45328 44860 45244 45112 44992 45268 45148 45220 45184 45232 45232 45316 45292 45340 45436 45436 45412 45460 45544 45520 45580 45556 45568 45580 45556 45340 45604 45628 45532 45592 45484 45436 45436 45412 45400 45412 45340 45376 45316 45232 45196 45160 45136 45100 45076 45088 44992 45040 45004 44992 45016 45040 45028 45040 45100 45124 45196 45184 45268 45328 45388 45376 45484 45496 45532 45532 45556 45568 45592 45604 45592 45604 45604 45556 45544 45508 45496 45448 ]
[ 61828 61720 61612 61720 61840 60580 59824 60412 60292 60148 60556 60652 60520 60496 60412 60676 60880 60340 60364 60568 60316 60196 60064 60772 60532 60784 60292 60700 59956 60460 60460 60532 60976 60220 60736 60784 60532 60976 60064 60472 60520 60424 60676 60712 60280 60376 60580 60544 60280 60244 60556 60508 60436 60172 60508 60352 60256 60184 60688 60544 60064 60316 60256 60520 59992 59992 60136 60124 60868 60592 59872 60304 60592 60328 59932 60412 60760 60796 60172 60424 60316 60472 60028 60208 60088 60388 60400 60352 60472 60340 60268 60556 60520 60028 60172 60772 60316 60100 60388 60388 60340 60352 60508 60268 60592 60412 60892 60568 60364 60472 60520 60424 60232 60364 59956 60424 60304 60340 60592 60628 ]
];
house_keep = [
[ 44767 44765 44762 44759 44755 44756 44749 0 ]
[ 32635 32637 32635 32633 32635 32637 32635 0 ]
[ 65165 65165 65164 65165 65163 65162 65162 0 ]
[ 26401 26436 26486 26557 26594 26637 26640 0 ]
[ 26401 26436 26486 26557 26594 26637 26640 0 ]
];
config = [309 616 2 1 0 ]