sensors_x = [
[ 59272 59536 59320 59800 58912 60292 59320 59248 59560 59824 59608 59260 59380 59548 59116 59584 59812 59596 59728 59404 59116 59668 59644 59416 60172 59224 59692 59272 59728 59548 60004 59584 59680 59884 59584 59668 59836 60196 59116 59596 59656 58900 59320 59284 59752 59452 58936 59644 59584 58888 59644 59140 59680 59476 59284 59428 59692 59020 59236 59752 59116 58876 59536 59500 59740 59356 59200 59500 59344 59440 59104 58876 59620 59032 59440 60460 59980 60064 59620 58876 59260 60292 59656 59620 59704 59644 59932 59764 58744 58744 59248 58600 59644 59080 59764 59332 59728 59104 59416 59572 59512 58960 59848 60088 58864 59524 59044 59596 59416 59656 59560 59716 59512 59896 59680 59932 59356 59776 60112 59524 ]
[ 54352 54376 54532 54496 54568 54604 54640 54652 54652 54784 54724 54844 54844 54808 54796 54844 54724 54748 54700 54664 54604 54472 54436 54424 54340 54316 54256 54340 54172 54172 54220 54280 54268 54304 54376 54340 54460 54472 54532 54592 54640 54652 54700 54772 54784 54856 54940 54940 54904 55048 55000 55000 54964 54976 54952 54952 54940 54916 54844 54928 54820 54712 54688 54652 54592 54568 54424 54436 54388 54304 54280 54256 54232 54220 54208 54268 54268 54172 54160 54232 54232 54184 54256 54220 54220 54268 54280 54280 54232 54280 54304 54412 54436 54484 54520 54448 54496 54484 54472 54544 54676 54652 54604 54628 54880 54808 54772 54832 54928 54772 54808 54856 54844 54784 54868 54844 54808 54832 54700 54808 ]
[ 54760 54736 54808 54844 54904 54976 54964 54964 55012 55012 55024 55096 55096 55060 55060 55084 55024 54904 54928 54904 54868 54880 54772 54724 54688 54688 54676 60184 54484 54556 54616 54664 54712 54796 54712 54760 54832 54868 54892 54976 55000 55036 55096 55120 55132 55144 55228 55180 55252 55276 55228 55216 55204 55192 55204 55168 55144 55096 55108 55084 55048 54940 54940 54904 54880 54952 54748 54784 54736 54700 54652 54664 54592 54664 54568 54640 54676 54640 54592 54628 54604 54832 54604 54640 54628 54712 54640 54712 54700 54712 54736 54748 54796 54832 54832 54796 54820 54832 54856 54856 54964 54928 55000 54004 55000 55036 54976 55168 55600 54952 54964 54748 55072 55144 54964 55060 55072 55084 55060 55012 ]
[ 61312 60904 60628 60832 60832 61036 60568 60928 60904 61132 60784 60808 61120 60844 61096 60760 60868 60532 61012 61000 60868 61084 60832 61144 60796 60892 61168 61084 60976 61276 60652 60976 60784 60916 60988 60784 60520 61396 60880 60544 60856 60448 60664 60676 60688 61072 60508 60748 60940 60808 60484 60688 60808 60772 60772 60748 60784 60484 60352 60340 60544 60628 60472 60868 60472 60748 61024 60892 60808 60748 60436 60580 60796 60772 60904 60592 60568 60724 60940 60592 60664 60844 60868 60892 60772 61036 60904 61168 60652 60448 60712 60832 60784 60820 60676 60640 60856 60748 60820 60724 60724 60820 60868 60928 60664 61108 60604 61096 60904 60832 60928 61288 61144 60904 59884 60820 61168 60748 60736 60844 ]
];
sensors_y = [
[ 59200 59824 59296 59296 59104 59548 59416 59392 59008 59416 58984 59404 59764 59092 59260 59152 59944 59644 59320 59644 59020 59500 59260 59248 58756 59560 58996 58912 59776 59500 59140 59536 59296 59644 59440 59428 59644 58900 58948 60076 58696 59788 59884 59236 58744 58540 59512 59212 59776 59608 58756 59092 59248 58852 59380 60076 59356 59716 58828 58792 59452 59260 59656 59356 59524 59188 58936 59548 59512 59368 58816 59764 59284 60184 59032 59284 59668 59416 58828 58720 59980 59572 59848 59140 59656 59428 58972 59068 58288 59272 58864 59272 59116 59392 59416 59272 59320 59428 58696 59500 58960 59200 59464 59104 59104 59164 59356 59380 59488 59368 59176 58828 59380 59572 59704 59716 59452 59248 59104 59668 ]
[ 45880 45856 45700 45736 45664 45628 45592 45580 45580 45448 45508 45388 45388 45424 45436 45388 45508 45484 45532 45568 45628 45760 45796 45808 45892 45916 45976 45892 46060 46060 46012 45952 45964 45928 45856 45892 45772 45760 45700 45640 45592 45580 45532 45460 45448 45376 45292 45292 45328 45184 45232 45232 45268 45256 45280 45280 45292 45316 45388 45304 45424 45520 45544 45580 45640 45664 45808 45796 45844 45928 45952 45976 46000 46012 46024 45964 45964 46060 46072 46000 46000 46048 45976 46012 46012 45964 45952 45952 46000 45952 45928 45820 45796 45748 45712 45784 45736 45748 45760 45688 45556 45580 45628 45604 45352 45424 45460 45400 45304 45460 45424 45376 45388 45448 45364 45388 45424 45400 45532 45424 ]
[ 45472 45496 45424 45388 45328 45256 45268 45268 45220 45220 45208 45136 45136 45172 45172 45148 45208 45328 45304 45328 45364 45352 45460 45508 45544 45544 45556 40888 45748 45676 45616 45568 45520 45436 45520 45472 45400 45364 45340 45256 45232 45196 45136 45124 45100 45088 45004 45052 44980 44956 45004 45016 45028 45040 45028 45064 45088 45136 45124 45148 45184 45292 45292 45328 45352 45280 45484 45448 45496 45532 45580 45568 45640 45568 45664 45592 45556 45592 45640 45604 45628 45400 45628 45592 45604 45520 45592 45520 45532 45520 45496 45484 45436 45400 45400 45436 45412 45400 45376 45376 45268 45304 45232 46228 45232 45196 45256 45064 44632 45280 45268 45484 45160 45088 45268 45172 45160 45148 45172 45220 ]
[ 60280 60472 60868 60616 60136 60652 60760 60592 60352 60556 60688 60676 60652 60700 60544 60208 60700 60244 60580 60520 60244 60220 60448 60304 60328 59980 60160 60628 60472 60580 60676 59944 60184 60100 60772 60040 60112 59980 60208 60544 60496 60472 60568 60004 59944 60220 60364 60292 60436 60064 60268 60256 60424 61012 60172 60388 60064 60556 60304 60604 60688 60460 60328 60676 60352 60484 60640 60364 60304 60508 60196 60484 60724 60436 60376 60232 60484 60196 60628 60664 60496 60700 60148 60196 60604 60148 60376 60448 60388 60616 60544 60784 60328 60724 61348 59992 60400 60676 60412 60652 60556 60484 60412 60808 60568 60676 60388 60784 60616 60496 60712 60520 60616 60136 60508 60412 59176 60292 59848 60592 ]
];
house_keep = [
[ 44733 44730 44725 44714 44708 44712 44708 0 ]
[ 32637 32636 32634 32631 32635 32635 32635 0 ]
[ 65165 65163 65164 65162 65165 65167 65161 0 ]
[ 26549 26571 26600 26644 26668 26710 26757 0 ]
[ 26549 26571 26600 26644 26668 26710 26757 0 ]
];
config = [309 616 2 1 0 ]