sensors_x = [
[ 62836 63160 62968 62800 62872 63496 64864 64756 65008 64960 64552 24 96 420 65464 65344 64996 64456 64192 64828 64432 64660 64240 64624 64612 64312 64480 64024 64456 65164 64444 64516 63940 64852 64144 64648 64192 63844 64084 64096 63940 63868 64336 64012 63772 64132 64192 64000 63352 63628 63928 64372 64816 64096 63916 63592 63244 64084 63544 63460 63088 62824 64648 65428 65140 64024 63040 63784 63388 63400 62740 61984 63172 60964 62452 60964 61192 62452 61288 61600 61480 58816 58864 58084 58420 58816 59116 58636 59092 60052 60460 59536 59776 60232 61096 60532 61228 61144 61516 60520 60364 60532 60124 64972 64360 64672 64420 64648 64696 63016 63832 63184 63292 63220 62320 63220 62836 62908 63700 62272 ]
[ 54940 54856 54976 54832 54880 56152 57136 55816 56776 56980 64900 64840 65008 65320 65356 58816 55804 55444 54940 55024 55108 54880 55168 54628 54424 55012 55408 54508 55288 54976 54988 54964 54808 55288 55024 54676 54412 54352 54172 54136 53992 54472 54628 54244 54160 54208 54004 53848 53956 54148 54220 55564 54208 54052 55456 53932 54160 54688 53800 54064 54064 54076 55852 57244 63208 54292 54172 54112 54340 54076 54688 55036 54976 54148 55132 54964 55000 55288 54208 54916 55012 55048 55000 54976 55060 55180 55432 54880 55084 54832 55012 54988 54952 55132 55204 54808 55108 54652 55180 54712 55072 55288 55420 60856 56284 55432 55576 54820 54544 54232 53920 53920 54484 53764 54616 54436 54328 54328 54208 54304 ]
[ 55420 55492 55408 55396 55384 55876 59440 63256 1188 1080 2940 62284 64120 3036 2904 59896 57676 56728 56716 56512 56500 56392 56428 56236 56476 56536 56692 56104 56452 56368 56284 56284 56248 56440 56392 56212 56080 55900 55648 55708 55528 55624 55768 55720 55600 55480 55360 55324 55576 55348 55312 56140 55792 55864 56308 55216 55624 55684 55336 55324 55384 55348 56320 58288 62452 55672 54736 55276 55300 55408 55024 55300 55660 55036 55084 55000 54940 55048 55168 55216 54688 54328 54412 54532 54604 54748 54688 54472 54676 54628 54796 54748 54844 54724 55132 55060 55000 54928 55000 54820 54628 54556 54676 58564 56920 57892 58240 57292 57112 56752 56692 56332 56416 55456 55552 55516 55480 55684 55732 55156 ]
[ 64168 64204 64168 64468 64252 64312 65356 65188 65164 65488 324 64996 64684 84 65188 64924 65356 168 65188 64816 64792 65284 65068 64252 65416 64672 65524 65176 64960 65188 64792 64948 64588 65260 64384 64996 64756 65212 64816 64696 64612 180 64396 372 64504 64936 516 64684 64588 64456 64876 64804 64840 65176 64996 64852 65152 12 64420 65248 64420 64888 65080 132 65272 64984 64444 64708 64708 65152 64324 64072 64600 64276 64516 63544 64012 64492 63676 63964 64864 63868 63484 63340 63460 63568 63364 63232 63268 63640 63556 63304 63592 63652 63640 63928 63736 63676 63832 63916 63868 63856 63880 0 65452 65260 65092 64900 65008 65416 65200 64924 64828 64648 64720 64600 64552 65008 64696 64348 ]
];
sensors_y = [
[ 61516 61936 61960 61648 61756 62704 63352 63652 64120 65368 64000 64888 65296 65188 64792 64600 64252 64360 64168 64204 64432 64552 64624 64648 64204 64240 64312 63568 63688 64096 64012 63880 64636 64180 64156 64312 63424 63364 63100 63520 63772 63592 63448 63556 63364 63268 63148 63184 63016 62692 63040 63748 63616 63136 63628 63760 63316 63316 63232 62020 62944 62440 63712 64420 64948 64144 63016 63016 63724 63280 61828 62020 62596 60568 60508 60700 59980 60484 60112 60916 59992 58168 56512 56908 56572 56680 56860 57340 58096 58996 58900 58384 58696 58528 59692 59284 60076 59920 59812 59884 59668 58444 58228 63580 64600 63832 63796 63208 63424 63928 62908 62872 63484 62116 62152 62692 62740 62668 62692 61984 ]
[ 45292 45376 45256 45400 45352 49336 52792 52168 54784 54508 63964 64144 64072 64192 64300 56536 51076 51244 50548 49744 50188 50128 50464 49948 49096 49540 50104 48844 49888 49912 49420 49636 49660 50272 50104 49708 48868 47752 47644 47176 47128 47680 48292 47380 47464 46624 46564 47032 47464 46324 46840 50332 48616 47692 51136 46492 47200 48520 46432 46168 46192 46156 49276 54172 62536 49468 46144 46240 46456 46876 45556 45196 45268 46084 45100 45268 45244 44944 46024 45316 45220 45184 45232 45256 45172 45052 44800 45352 45160 45400 45220 45244 45280 45100 45028 45424 45124 45580 45052 45520 45160 44944 44812 58240 53044 50440 51472 48988 48508 47920 46960 46840 47668 46468 45616 45796 45904 45904 46024 45940 ]
[ 47932 48136 48208 48220 48160 52372 58720 64024 4116 58528 2940 61108 65212 64348 63328 50176 55348 54280 53860 53464 53500 53392 53572 53188 53380 53632 53824 52984 53476 53440 53452 53284 53404 53728 53596 53332 52960 52444 52072 51964 51880 52240 52576 52192 51976 51808 51496 51772 51784 51460 51736 53332 52576 52504 53764 51400 52144 52420 51352 51052 51256 50812 53032 56320 61300 52888 50032 50788 50980 50776 49264 49156 50356 49012 48148 48520 48100 48040 48808 48616 47440 46216 45868 46348 46372 46684 46552 46552 47284 47620 47356 47428 47356 47116 47860 47728 47584 47680 47752 47188 46804 46300 46588 56140 54904 56068 56776 55108 54616 54136 53764 53692 53776 52456 51736 52060 52048 51916 51892 50860 ]
[ 64192 63796 64060 64348 64204 64312 64084 64924 64564 64924 64732 65284 684 65308 65488 504 64708 63904 64780 64768 64840 63172 65092 65404 64936 64888 64204 64696 64576 64612 65080 64948 64708 64900 64552 64708 64708 64372 64360 65200 64804 64036 64684 60 64720 63928 64372 64540 64900 64144 64276 64348 64720 65248 65092 64876 64600 64852 64708 63832 63844 64408 65044 64852 65248 64744 64468 64684 63748 64000 63748 64072 64096 63904 64300 64720 63892 63388 64228 63868 63280 63268 63172 62908 63196 63280 62692 62896 63316 63520 63052 64024 63388 63388 63520 63304 63808 63412 63472 63460 63316 62344 63496 64744 64396 65068 65140 64672 64408 64864 64480 64384 65044 64132 64528 64504 64336 64648 64456 64348 ]
];
house_keep = [
[ 44744 44743 44740 44745 44746 44746 44746 0 ]
[ 32640 32640 32638 32635 32637 32634 32640 0 ]
[ 65170 65171 65170 65171 65166 65167 65165 0 ]
[ 26122 26189 26226 26272 26346 26412 26426 0 ]
[ 26122 26189 26226 26272 26346 26412 26426 0 ]
];
config = [309 616 2 1 0 ]