sensors_x = [
[ 18960 18960 18972 18972 18984 18984 18984 18984 18984 18984 18996 18972 18984 18996 18984 18996 18984 18996 18984 18984 18984 18984 18972 18936 18972 18984 18984 18924 18924 18924 18936 18924 18948 18936 18924 18924 18924 18972 18936 18948 18924 18924 18924 18924 18924 18924 18936 18924 18924 18912 18912 18912 18936 18924 18924 18912 18912 18912 18900 18900 18900 18912 18936 18912 18900 18900 18912 18912 18924 18900 18912 18900 18924 18900 18912 18912 18912 18912 18900 18924 18900 18924 18912 18900 18912 18900 18912 18900 18900 18912 18900 18900 18912 18912 18912 18900 18900 18912 18912 18900 18912 18912 18912 18900 18912 18900 18912 18900 18912 18912 18900 18900 18912 18900 18912 18900 18912 18912 18912 18900 18912 18912 18900 18912 18912 18912 18912 18912 18912 18900 18912 18912 18912 18912 18912 18912 18900 18912 18912 18912 18900 18912 18900 18912 18912 18912 18912 18912 18912 18900 18912 18912 18912 18912 18912 18912 18912 18900 18912 18912 18912 18912 18912 18912 18912 18912 18912 18912 18912 18912 18912 18912 18912 18900 18912 18912 18912 18912 18912 18900 18900 18900 18900 18900 18912 18912 18912 18912 18912 18912 18912 18912 18900 18900 18912 18900 18912 18900 18900 18912 18912 18912 18900 18900 18912 18912 18900 18900 18912 18912 18900 18912 18912 18900 18912 18900 18900 18888 18900 18888 18888 18900 18900 18900 18900 18912 18900 18900 18888 18912 18900 18876 18912 18900 18900 18912 18912 18900 18888 18900 18900 18900 18888 18900 18900 18888 18888 18912 18912 18900 18888 18900 18888 18888 18888 18900 18888 18900 18888 18888 18900 18888 18900 18888 18900 18900 18888 18900 18888 18900 18900 18900 18900 18900 18900 18912 18900 18888 18900 18900 18900 18900 18900 18888 18888 18900 18900 18900 18900 18888 18876 18900 18888 18900 18912 18900 18900 18876 18888 18900 18900 18888 18900 18900 18876 18912 18876 18900 18900 18900 18912 18876 18888 18900 18912 18900 18900 18876 18900 18888 18888 18888 18900 18900 18876 18912 18888 18888 18876 18888 18876 18900 18888 18888 18900 18900 18888 18888 18900 18900 18900 18888 18900 18900 18900 18900 18900 18888 18900 18900 18888 18900 18912 18900 18888 18900 18888 18876 18888 18900 18888 18876 18888 18888 18888 18900 18888 18888 18864 18888 18888 18888 18900 18888 18888 18876 18888 18888 18900 18888 18888 18900 18900 18900 18888 18900 18876 18876 18876 18900 18888 18888 18900 18876 18888 18900 18876 18888 18900 18876 18900 18876 18888 18900 18900 18888 18888 18888 18900 18876 18900 18876 18876 18876 18876 18888 18876 18900 18876 18900 18900 18888 18900 18888 18900 18888 18888 18888 18900 18876 18900 18900 18888 18888 18888 18900 18888 18876 18876 18888 18900 18888 18900 18888 18900 18900 18876 18888 18888 18900 18900 18888 18912 18876 18888 18900 18888 18888 18888 18876 18888 18900 18888 18888 18888 18876 18888 18900 18888 18900 18888 18888 18900 18876 18888 18888 18888 18888 18912 18876 18876 18876 18876 18876 18876 18888 18876 18888 18888 18876 18888 18888 18888 18888 18888 18888 18888 18876 18888 18888 18876 18888 18888 18888 18888 18900 18888 18876 18888 18888 18888 18900 18888 18876 18876 18888 18888 18876 18888 18900 18888 18888 18888 18888 18876 18900 18900 18888 18888 18876 18888 18888 18900 18888 18888 18876 18900 18900 18888 18888 18888 18888 18864 18888 18888 18888 18888 18876 18888 18888 18888 18888 18876 18876 18888 18888 18900 18888 18888 18888 18888 18888 18888 18888 18888 18876 18876 18888 18888 18888 18876 18888 18888 18876 18888 18900 18876 18876 18876 18876 18888 18888 18900 18876 18912 18888 18888 18900 18900 18888 18876 18888 18900 18888 18888 18900 18888 18876 18876 18888 18876 18876 18876 18912 18888 18888 18900 18888 18900 18900 18900 18888 18900 18888 18876 18876 18876 18888 18888 18876 18876 18888 18876 18876 18888 18888 18900 18888 18864 18888 18888 18876 18888 18888 18888 18888 18876 18900 18876 18888 18876 18900 18900 18876 18888 18876 18900 18876 18876 18888 18864 18876 18876 18876 18876 18876 18876 18888 18876 18876 18888 18888 18876 18876 18876 18876 18876 18888 18876 18876 18876 18876 18888 18864 18876 18876 18888 18876 18876 18900 18876 18888 18876 18888 18888 18876 18876 18876 18864 18876 18876 18876 18888 18888 18900 18888 18876 18876 18876 18876 18888 18888 18888 18876 18888 18888 18876 18900 18888 18888 18876 18876 18876 18900 18888 18888 18888 18888 18876 18864 18864 18888 18876 18876 18888 18888 18876 18876 18888 18876 18876 18876 18888 18876 18876 18888 18888 18876 18876 18876 18864 18864 18876 18876 18876 18900 18888 18876 18888 18876 18900 18864 18888 18876 18876 18888 18876 18864 18888 18876 18888 18876 18888 18888 18876 18876 18912 18888 18864 18888 18888 18876 18888 18876 18876 18876 18864 18876 18876 18876 18876 18876 18888 18876 18876 18876 18888 18876 18876 18876 18900 18888 18876 18876 18876 18876 18876 18888 18876 18864 18888 18876 18876 18888 18864 18876 18888 18876 18876 18876 18864 18876 18876 18864 18876 18876 18888 18864 18900 18888 18876 18876 18888 18876 18876 18864 18888 18876 18876 18888 18888 18876 18876 18876 18876 18888 18864 18876 18888 18876 18876 18888 18876 18888 18888 18876 18876 18876 18876 18888 18876 18876 18876 18876 18876 18876 18876 18876 18876 18876 18888 18876 18876 18876 18876 18876 18888 18888 18876 18876 18888 18888 18900 18876 18864 18876 18864 18876 18876 18876 18876 18876 18864 18876 18864 18876 18876 18864 18864 18876 18876 18864 18864 18864 18864 18864 18876 18864 18876 18864 18864 18876 18864 18864 18864 18864 18864 18876 18876 18864 18864 18864 18864 18864 18876 18864 18876 18888 18888 18864 18864 18888 18888 18888 18888 18876 18888 18864 18876 18876 18888 18888 18912 18888 18888 18876 18888 18888 18876 18864 18876 18876 18876 18864 18888 18876 18864 18900 18888 18876 18876 18876 18924 18900 18888 18888 18888 18900 18876 18876 18900 18864 18900 18864 18876 18876 18900 18888 18888 18888 18876 18888 18864 18900 18888 18864 18900 18888 18900 18888 18876 18888 18888 18888 18888 18876 18888 18876 18888 18876 18876 18876 18900 18876 18864 18888 18888 18876 18888 18876 18888 18876 18900 18888 18876 18876 18876 18864 18876 18888 18888 18888 18876 18888 18888 18888 18900 18888 18888 18900 18888 18888 18888 18888 18888 18888 18888 18888 18888 18876 18888 18888 18924 18864 18888 18888 18888 18888 18876 18888 18864 18888 18888 18888 18864 18876 18888 18864 18864 18876 18864 18876 18876 18876 18864 18876 18864 18876 18864 18864 18864 18864 18864 18864 18864 18876 18876 18876 18888 18876 18876 18876 18864 18876 18876 18876 18888 18876 18876 18876 18876 18864 18876 18876 18888 18876 18876 18876 18876 18888 18876 18876 18876 18876 18876 18876 18876 18876 18876 18876 18876 18876 18876 18876 18876 18876 18888 18888 18876 18876 18876 18876 18876 18876 18900 18864 18876 18876 18888 18876 18876 18876 18888 18876 18876 18876 18876 18876 18876 18876 18864 18876 18864 18876 18864 18876 18864 18864 18864 18864 18864 18888 18864 18876 18876 18876 18864 18864 18864 18876 18876 18876 18876 18876 18864 18888 18876 18876 18864 18876 18876 18876 18876 18876 18876 18876 18876 18876 18876 18876 18876 18876 18876 18876 18864 18864 18876 18864 18864 18864 18864 18876 18876 18876 18864 18864 18864 18864 18864 18864 18864 18864 18876 18876 18864 18864 18864 18864 18864 18876 ]
