sensors_x = [
[ 25068 25008 25080 25104 25068 25080 25092 25044 25104 25140 25080 25092 25080 25140 25104 25092 25116 25128 25152 25128 25140 25128 25152 25164 25104 25152 25164 25152 25164 25116 25164 25152 25188 25188 25188 25188 25200 25188 25164 25176 25200 25176 25188 25164 25176 25188 25200 25200 25164 25200 25152 25188 25188 25164 25140 25164 25188 25176 25176 25164 25188 25176 25152 25152 25188 25188 25188 25176 25140 25152 25152 25164 25176 25140 25164 25152 25188 25116 25140 25128 25128 25140 25152 25140 25164 25116 25128 25128 25128 25116 25104 25104 25116 25116 25128 25092 25080 25092 25116 25116 25080 25068 25092 25128 25092 25092 25092 25080 25068 25092 25056 25080 25032 25068 25056 25056 25056 25080 25056 25068 ]
[ 25668 25632 25632 25644 25668 25656 25644 25632 25644 25644 25632 25632 25644 25656 25644 25644 25632 25656 25656 25680 25656 25692 25668 25656 25668 25692 25680 25668 25668 25656 25632 25656 25668 25668 25668 25680 25680 25680 25668 25668 25656 25668 25692 25680 25644 25644 25680 25644 25692 25668 25656 25680 25668 25656 25656 25632 25656 25656 25680 25680 25644 25680 25656 25668 25656 25680 25644 25656 25668 25668 25668 25656 25644 25680 25656 25668 25668 25656 25668 25632 25632 25656 25632 25668 25656 25656 25632 25644 25644 25644 25656 25620 25644 25620 25620 25656 25632 25632 25632 25644 25608 25644 25620 25644 25620 25632 25632 25632 25644 25608 25608 25632 25620 25620 25620 25632 25608 25632 25632 25632 ]
[ 19896 19860 19932 19944 19944 19920 19920 19908 19932 19968 19944 19944 19980 19932 19932 19944 19860 19956 19896 19956 19944 19956 19920 19908 19920 19932 19884 19896 19956 19872 19932 19884 19896 19872 19872 19836 19932 19980 19932 19908 19956 19872 19896 19860 19872 19896 19896 19896 19908 19848 19872 19932 19872 19908 19884 19932 19884 19812 19836 19896 19884 19908 19920 19908 19896 19872 19908 19872 19920 19896 19872 19884 19896 19872 19896 19836 19920 19884 19884 19956 19848 19884 19896 19896 19848 19896 19908 19932 19860 19848 19884 19860 19860 19884 19872 19884 19872 19848 19896 19920 19896 19860 19932 19920 19812 19908 19824 19908 19896 19908 19836 19872 19908 19860 19932 19956 19812 19896 19920 19836 ]
[ 15408 15204 15384 15396 15384 15408 15360 15408 15348 15420 15408 15408 15372 15396 15372 15456 15360 15372 15336 15396 15396 15420 15456 15432 15372 15432 15336 15336 15384 15372 15480 15360 15396 15372 15384 15420 15420 15468 15372 15420 15456 15384 15468 15420 15372 15396 15420 15396 15420 15420 15360 15372 15420 15468 15408 15408 15384 15312 15360 15420 15360 15372 15396 15432 15420 15444 15372 15396 15396 15384 15372 15420 15432 15444 15372 15384 15408 15432 15360 15456 15300 15348 15408 15384 15432 15420 15408 15360 15360 15360 15396 15372 15348 15348 15336 15480 15408 15396 15372 15336 15408 15348 15408 15396 15384 15360 15372 15372 15324 15348 15276 15324 15348 15360 15372 15372 15324 15420 15372 15324 ]
];
sensors_y = [
[ 63700 63664 63688 63688 63724 63688 63724 63700 63688 63700 63640 63700 63688 63724 63712 63700 63724 63688 63688 63712 63700 63688 63688 63676 63640 63688 63748 63664 63676 63724 63676 63664 63700 63676 63676 63676 63712 63676 63676 63664 63688 63688 63676 63676 63676 63652 63688 63664 63652 63664 63688 63652 63652 63652 63652 63652 63676 63688 63688 63676 63676 63712 63664 63664 63628 63652 63628 63640 63652 63664 63688 63652 63664 63652 63652 63664 63652 63652 63652 63688 63640 63652 63640 63652 63652 63652 63664 63640 63640 63652 63664 63652 63652 63676 63640 63676 63640 63628 63652 63628 63640 63628 63652 63640 63652 63652 63628 63640 63664 63652 63640 63640 63664 63652 63640 63664 63664 63664 63640 63652 ]
[ 62620 62608 62608 62620 62644 62632 62644 62632 62644 62620 62608 62656 62620 62632 62620 62620 62632 62632 62632 62656 62632 62620 62644 62632 62620 62668 62656 62644 62620 62632 62632 62632 62644 62620 62620 62656 62632 62608 62620 62620 62608 62620 62620 62632 62596 62596 62644 62596 62620 62620 62608 62608 62596 62608 62608 62584 62608 62632 62656 62608 62596 62632 62608 62596 62608 62608 62572 62608 62596 62596 62596 62560 62596 62584 62560 62596 62596 62584 62596 62608 62560 62584 62584 62596 62584 62608 62584 62572 62572 62596 62584 62572 62572 62572 62548 62608 62560 62560 62560 62572 62536 62572 62548 62572 62548 62560 62560 62584 62572 62536 62536 62560 62572 62572 62548 62560 62560 62536 62560 62584 ]
[ 62920 62932 62980 62944 62920 62944 62944 62932 62908 62992 62944 62944 62932 62956 62932 62920 62932 62956 62968 62956 62944 62980 62944 62956 62968 62980 63004 62944 62956 62992 62932 62956 62980 62944 62944 62980 62932 62908 62956 62932 62956 62968 62944 62956 62968 62920 62992 62944 62956 62968 62968 62932 62896 62980 62980 62956 62956 62956 63028 62920 62956 63016 62944 62956 62980 62968 62908 62992 62968 62968 62920 62932 62992 62944 62932 62980 62920 62980 62980 63052 62920 62980 62968 62944 62920 62944 63004 62908 62956 62944 62932 62908 62884 62908 62896 63028 62920 62920 62968 62968 62920 62932 62980 62944 62908 62980 62920 62956 62920 62932 62908 62944 62932 62980 62908 62932 62956 62920 62968 62944 ]
[ 62656 62740 62680 62620 62656 62632 62584 62584 62632 62668 62656 62656 62620 62572 62644 62584 62560 62620 62632 62668 62620 62584 62632 62620 62572 62584 62704 62560 62608 62620 62608 62608 62668 62644 62608 62584 62596 62524 62644 62524 62632 62632 62572 62572 62572 62596 62668 62620 62548 62620 62608 62596 62524 62572 62512 62608 62584 62656 62704 62596 62608 62668 62572 62596 62596 62560 62596 62644 62572 62584 62596 62476 62584 62500 62548 62656 62512 62536 62584 62728 62524 62596 62560 62608 62536 62572 62512 62584 62632 62584 62548 62572 62572 62572 62632 62584 62560 62548 62596 62560 62656 62524 62536 62572 62512 62584 62572 62620 62608 62548 62476 62596 62596 62560 62524 62644 62572 62620 62548 62572 ]
];
house_keep = [
[ 38315 38321 38317 38320 38320 38317 38319 0 ]
[ 32640 32637 32637 32637 32644 32635 32634 0 ]
[ 38156 38157 38157 38157 38156 38155 38157 0 ]
[ 26771 26827 26866 26923 26965 27002 27032 0 ]
[ 26771 26827 26866 26923 26965 27002 27032 0 ]
];
config = [309 616 2 1 0 ]