sensors_x = [
[ 25116 25140 25152 25152 25164 25152 25164 25152 25212 25176 25176 25188 25200 25200 25224 25200 25224 25200 25212 25236 25200 25188 25200 25164 25200 25140 25152 25164 25164 25140 25104 25116 25116 25140 25092 25092 25080 25080 25080 25092 25068 25080 25056 25044 25020 25044 24996 25044 25020 25032 25008 25032 25032 25008 24996 24996 24972 25008 25032 24996 25020 25020 25008 25032 25032 25068 25020 25056 25044 25068 25104 25056 25068 25080 25080 25104 25128 25116 25128 25104 25128 25164 25164 25116 25164 25152 25164 25152 25152 25164 25152 25212 25200 25212 25212 25188 25188 25188 25176 25188 25176 25188 25188 25200 25188 25176 25176 25140 25152 25164 25164 25164 25176 25152 25140 25128 25176 25140 25128 25140 ]
[ 25680 25656 25656 25668 25656 25656 25668 25644 25668 25668 25656 25668 25680 25668 25680 25668 25692 25680 25656 25656 25644 25680 25680 25656 25704 25656 25656 25680 25644 25656 25632 25620 25656 25632 25632 25620 25620 25632 25608 25620 25620 25656 25620 25632 25620 25620 25596 25596 25620 25620 25608 25632 25656 25608 25608 25632 25608 25632 25632 25632 25608 25632 25596 25644 25644 25632 25608 25656 25668 25620 25656 25656 25656 25668 25644 25656 25656 25656 25656 25656 25656 25656 25644 25656 25656 25656 25656 25680 25656 25656 25668 25656 25644 25680 25680 25656 25644 25668 25668 25668 25680 25656 25668 25644 25656 25656 25668 25644 25668 25680 25680 25644 25656 25668 25668 25656 25656 25644 25632 25644 ]
[ 19944 19920 19944 19956 19920 19932 19956 19944 19932 19908 19908 19908 19920 19944 19944 19896 19920 19896 19908 19932 19884 19872 19884 19920 19920 19884 19872 19896 19884 19860 19884 19920 19872 19872 19872 19908 19860 19896 19884 19956 19896 19932 19884 19872 19908 19908 19464 19884 19860 19920 19908 19944 19920 19932 19908 19908 19944 19956 19872 19932 19968 19908 19932 19932 19992 19944 19908 19968 19932 19920 19956 19908 19932 19896 19968 19920 19896 19920 19956 19932 19956 19932 19920 19956 19932 19872 19896 19920 19908 19908 19920 19944 19908 19848 19920 19908 19896 19908 19872 19944 19908 19896 19920 19884 19908 19884 19860 19896 19896 19836 19896 19896 19896 19896 19896 19884 19872 19836 19872 19860 ]
[ 15456 15312 15456 15420 15408 15408 15456 15420 15408 15396 15396 15432 15444 15444 15492 15420 15468 15456 15396 15384 15348 15420 15456 15396 15492 15456 15360 15360 15372 15396 15372 15336 15408 15396 15348 15372 15300 15360 15360 15444 15336 15444 15360 15348 15372 15348 14700 15360 15348 15360 15360 15360 15312 15348 15360 15348 15396 15348 15360 15348 15384 15324 15360 15360 15384 15372 15360 15396 15288 15408 15408 15348 15384 15360 15396 15348 15432 15396 15420 15384 15384 15420 15384 15420 15468 15312 15360 15408 15348 15420 15396 15432 15360 15396 15480 15396 15384 15396 15384 15372 15372 15372 15432 15396 15384 15420 15372 15348 15372 15324 15432 15432 15432 15348 15384 15420 15396 15348 15420 15396 ]
];
sensors_y = [
[ 63700 63688 63688 63688 63700 63664 63676 63688 63700 63688 63664 63676 63664 63712 63664 63664 63688 63664 63652 63700 63640 63652 63640 63676 63664 63640 63640 63628 63628 63652 63592 63652 63628 63652 63628 63628 63616 63640 63640 63628 63652 63712 63640 63676 63652 63676 63628 63676 63652 63664 63640 63664 63688 63640 63652 63652 63628 63688 63712 63676 63700 63652 63664 63736 63688 63700 63676 63688 63676 63676 63712 63664 63700 63688 63688 63688 63664 63676 63688 63688 63688 63700 63700 63676 63700 63640 63652 63664 63664 63676 63640 63676 63712 63700 63676 63700 63676 63676 63664 63652 63640 63676 63652 63688 63652 63640 63640 63652 63688 63676 63652 63628 63616 63664 63628 63616 63664 63652 63640 63628 ]
[ 62656 62632 62632 62620 62632 62632 62620 62620 62644 62644 62632 62620 62656 62620 62632 62620 62644 62632 62608 62608 62572 62632 62608 62608 62608 62608 62560 62584 62572 62584 62560 62548 62584 62560 62536 62548 62548 62584 62536 62524 62548 62608 62548 62560 62548 62548 62524 62548 62548 62572 62560 62560 62632 62560 62584 62584 62536 62584 62632 62608 62584 62632 62572 62644 62620 62608 62584 62632 62656 62596 62632 62656 62632 62644 62620 62632 62632 62632 62632 62632 62632 62632 62596 62632 62632 62608 62608 62656 62632 62608 62620 62608 62620 62656 62608 62608 62596 62620 62572 62620 62584 62608 62596 62596 62584 62608 62596 62620 62620 62608 62560 62572 62584 62596 62596 62560 62560 62572 62560 62572 ]
[ 62968 62896 62944 62932 62896 62932 62932 62968 62980 62932 62932 62980 62944 62944 62968 62920 62968 62920 62944 62956 62908 62968 62932 62968 62920 62932 62920 62920 62956 62956 62908 62944 62944 62932 62872 62944 62884 62944 62932 62932 62944 63004 62956 62944 62908 62956 62536 62932 62920 62920 62932 62920 62980 62956 62980 62932 62920 62932 62992 62956 62944 62908 62884 63004 62944 62968 62908 62920 62860 62920 62932 62908 62908 62968 62896 62896 62944 62920 62980 62908 62956 62956 62944 62932 62956 62920 62896 62920 62956 62932 62944 62944 62896 62944 62920 62932 62920 62980 62896 62944 62932 62896 62944 62932 62956 62932 62956 62920 62968 62908 62944 62944 62956 62968 62968 62932 62944 62932 62920 62932 ]
[ 62632 62608 62632 62548 62656 62632 62620 62644 62680 62620 62572 62632 62668 62596 62620 62524 62620 62536 62524 62608 62464 62560 62608 62620 62572 62512 62560 62488 62572 62572 62476 62560 62560 62548 62476 62548 62476 62584 62560 62500 62560 62668 62560 62548 62524 62548 62044 62608 62572 62560 62536 62584 62728 62548 62632 62596 62548 62572 62704 62668 62656 62620 62560 62776 62584 62644 62560 62644 62536 62608 62620 62620 62584 62656 62572 62572 62608 62632 62596 62608 62584 62572 62632 62620 62596 62560 62560 62584 62644 62620 62548 62584 62632 62596 62608 62596 62584 62596 62608 62596 62524 62548 62560 62572 62560 62500 62644 62572 62572 62524 62584 62560 62560 62644 62536 62524 62572 62548 62548 62548 ]
];
house_keep = [
[ 38325 38326 38324 38322 38321 38322 38320 0 ]
[ 32640 32640 32638 32640 32640 32636 32640 0 ]
[ 38162 38160 38158 38158 38161 38158 38160 0 ]
[ 26114 26181 26243 26290 26362 26410 26469 0 ]
[ 26114 26181 26243 26290 26362 26410 26469 0 ]
];
config = [309 616 2 1 0 ]