sensors_x = [
[ 25044 25008 25008 25032 24996 24984 24996 24984 25008 24996 25020 25020 25044 25032 25044 25020 24996 25032 25008 25020 25020 25020 25020 24996 25020 25032 25044 25044 25056 25020 24984 25056 25044 25044 25044 25020 25032 25032 25008 25020 25032 25044 25032 25032 25020 25032 25032 24996 25020 24960 25020 24984 25032 25008 24996 25008 24972 25032 25020 25032 25032 24996 25008 25008 24984 24960 25020 25020 25020 25020 25020 25008 25032 25020 24996 25032 25032 24996 24996 25008 25008 24996 25020 25008 24984 25032 25020 24996 25032 24984 25008 24972 24996 25044 24972 25008 25032 24960 24984 25020 25020 25008 25008 25056 25020 24996 25044 25044 25008 25008 24984 25032 25032 25008 25020 24972 25056 25020 25020 25044 ]
[ 25632 25644 25632 25620 25608 25608 25620 25620 25608 25608 25620 25632 25620 25644 25620 25608 25620 25656 25596 25632 25620 25608 25608 25584 25608 25608 25620 25656 25608 25620 25608 25632 25632 25632 25632 25644 25620 25620 25608 25632 25620 25644 25620 25620 25620 25632 25644 25596 25620 25620 25632 25584 25620 25644 25620 25632 25656 25632 25620 25608 25608 25596 25620 25632 25608 25632 25620 25632 25632 25608 25620 25632 25656 25620 25620 25620 25632 25608 25632 25620 25632 25608 25632 25620 25620 25632 25632 25620 25608 25596 25596 25608 25620 25644 25620 25632 25632 25596 25596 25620 25656 25608 25620 25632 25620 25620 25620 25608 25620 25644 25632 25644 25632 25620 25608 25632 25596 25620 25644 25644 ]
[ 19968 19944 19896 19956 19896 19944 19896 19968 19884 19980 19896 19956 19884 19932 19932 19932 19968 19956 19896 19956 19944 19908 19932 19956 19932 19908 19956 19908 19932 19932 19920 19956 19968 19968 19932 19968 19896 19896 19932 19932 19968 19944 19944 19920 19968 19920 19956 19956 19932 19896 19896 19848 19920 19896 19944 19872 19908 19884 19920 19968 19920 19908 19980 19932 19920 19932 19944 19968 19956 19896 19956 19932 19920 19920 19896 19920 19956 19884 19932 19872 19908 19920 19944 19920 19896 19956 19908 19908 19944 19884 19932 19896 19944 19956 19944 19968 19932 19920 19920 19896 19944 19980 19920 20016 19908 19896 19932 19944 19932 19908 19932 19980 19992 19920 19932 19944 19932 19932 19980 19896 ]
[ 15348 15360 15408 15336 15336 15360 15288 15384 15324 15300 15312 15372 15360 15384 15336 15396 15360 15420 15384 15336 15348 15348 15408 15360 15348 15348 15360 15384 15312 15324 15324 15300 15276 15372 15360 15396 15348 15348 15324 15384 15420 15336 15384 15348 15372 15408 15348 15360 15372 15348 15312 15204 15348 15360 15372 15384 15360 15336 15360 15384 15384 15360 15360 15324 15348 15336 15396 15432 15312 15384 15348 15384 15324 15336 15348 15312 15420 15348 15396 15348 15360 15372 15348 15348 15300 15396 15288 15312 15360 15276 15384 15204 15372 15384 15264 15384 15360 15348 15336 15372 15396 15396 15360 15480 15336 15348 15360 15384 15336 15372 15348 15384 15408 15336 15312 15336 15384 15276 15396 15420 ]
];
sensors_y = [
[ 63700 63712 63736 63688 63676 63688 63676 63688 63664 63676 63676 63676 63652 63688 63700 63676 63676 63688 63688 63724 63700 63676 63652 63652 63700 63688 63676 63676 63688 63700 63640 63664 63700 63700 63652 63676 63712 63664 63664 63700 63688 63700 63688 63688 63676 63664 63688 63676 63676 63688 63676 63736 63688 63640 63676 63712 63700 63664 63676 63688 63688 63676 63664 63688 63688 63712 63676 63676 63676 63724 63700 63664 63688 63700 63724 63688 63712 63724 63700 63688 63688 63676 63700 63640 63688 63688 63652 63700 63688 63736 63688 63676 63748 63676 63724 63688 63688 63688 63664 63676 63652 63688 63688 63664 63676 63700 63700 63676 63688 63664 63640 63712 63664 63712 63676 63676 63712 63700 63652 63676 ]
[ 62584 62596 62632 62572 62584 62608 62596 62596 62560 62584 62596 62608 62572 62620 62596 62608 62596 62584 62572 62608 62596 62584 62560 62560 62584 62584 62596 62608 62584 62596 62584 62584 62608 62608 62608 62596 62620 62572 62608 62608 62596 62620 62620 62620 62596 62584 62620 62572 62572 62596 62584 62608 62620 62596 62596 62608 62608 62584 62596 62560 62584 62572 62596 62584 62584 62608 62596 62584 62608 62584 62596 62596 62608 62596 62572 62596 62584 62608 62608 62596 62584 62584 62608 62596 62620 62608 62584 62596 62584 62572 62572 62584 62620 62596 62620 62608 62608 62596 62572 62596 62584 62584 62596 62584 62572 62596 62596 62560 62596 62620 62584 62620 62608 62620 62608 62584 62572 62596 62548 62596 ]
[ 62944 62944 63016 62932 62944 62944 62968 62944 62932 62932 62944 62908 62908 62932 63004 63004 62968 62956 62896 63004 62968 62884 62860 62908 62956 62956 62908 62908 62932 62956 62872 62908 62944 63016 62932 62968 62944 62896 62932 62932 62920 62992 63016 62968 62944 62884 62980 63004 62908 62896 62920 63016 63016 62896 62920 62944 62980 62932 62968 62944 62992 62956 63028 62908 62944 62980 62872 62944 62980 62944 62956 62932 62992 62968 62968 62920 62980 63052 62980 62920 62944 62944 62944 62920 62920 62956 62908 62908 62968 62980 62956 62944 63040 62908 62992 62968 62956 62896 62968 62944 62968 63004 62992 62872 62956 62992 63004 62920 62980 62956 62932 63004 62968 62968 62956 62944 62932 62956 62956 62896 ]
[ 62644 62608 62752 62584 62608 62632 62632 62632 62596 62572 62656 62644 62584 62560 62704 62596 62656 62548 62560 62656 62620 62572 62488 62488 62572 62632 62596 62656 62644 62644 62572 62548 62596 62620 62560 62620 62692 62524 62596 62608 62596 62680 62644 62584 62644 62608 62620 62608 62644 62644 62608 62716 62692 62512 62620 62608 62584 62560 62584 62584 62656 62608 62608 62596 62572 62680 62596 62656 62632 62656 62596 62656 62620 62632 62644 62584 62692 62788 62644 62644 62656 62572 62596 62596 62608 62692 62608 62560 62584 62764 62608 62596 62764 62560 62800 62632 62656 62596 62584 62596 62596 62668 62632 62560 62536 62620 62608 62572 62656 62572 62596 62632 62584 62680 62584 62608 62608 62644 62620 62596 ]
];
house_keep = [
[ 38314 38317 38316 38316 38315 38313 38312 0 ]
[ 32635 32640 32635 32633 32636 32640 32633 0 ]
[ 38153 38154 38155 38154 38152 38154 38152 0 ]
[ 26945 26989 27003 27046 27081 27112 27138 0 ]
[ 26945 26989 27003 27046 27081 27112 27138 0 ]
];
config = [309 616 2 1 0 ]