sensors_x = [
[ 25080 25056 25056 25068 25032 25044 25068 25032 25068 25032 25020 25044 25032 25068 25032 25032 25020 25056 25008 25020 25044 25020 25044 25020 25056 25020 25008 24996 25008 25008 25008 25008 25008 25008 25020 25032 25068 25032 25044 25056 25032 25056 25020 25056 25020 25068 25068 25032 25044 25068 25056 25092 25080 25104 25080 25068 25092 25104 25104 25080 25092 25128 25116 25116 25116 25188 25128 25128 25092 25140 25140 25140 25128 25176 25128 25176 25128 25152 25164 25164 25176 25176 25212 25200 25188 25212 25212 25176 25212 25200 25176 25212 25176 25200 25188 25176 25188 25176 25176 25188 25152 25152 25164 25188 25164 25128 25140 25116 25128 25152 25164 25128 25116 25128 25104 25092 25080 25080 25068 25080 ]
[ 25656 25644 25644 25620 25632 25608 25608 25620 25584 25608 25632 25632 25620 25656 25620 25620 25596 25620 25620 25608 25620 25620 25620 25620 25608 25608 25620 25596 25632 25608 25632 25632 25608 25620 25632 25632 25620 25596 25656 25632 25644 25632 25608 25632 25632 25632 25620 25644 25656 25668 25632 25644 25644 25680 25644 25668 25632 25632 25644 25644 25668 25668 25632 25668 25656 25668 25644 25656 25668 25644 25656 25668 25668 25668 25668 25644 25692 25656 25692 25656 25668 25668 25704 25668 25680 25680 25668 25680 25656 25692 25668 25668 25656 25680 25680 25644 25692 25632 25656 25680 25656 25668 25632 25680 25656 25644 25656 25656 25656 25644 25632 25644 25632 25644 25620 25632 25656 25608 25596 25680 ]
[ 19896 19920 19920 19932 19896 19920 19884 19884 19860 19908 19908 19896 19848 19992 19944 19872 19896 19908 19884 19896 19920 19884 19896 19920 19884 19896 19908 19872 19908 19884 19908 19908 19932 19932 19956 19920 19908 19908 19932 19968 19920 19908 19980 19992 19944 19944 19920 19980 19932 19980 19920 19944 19944 19932 19932 19932 19956 19920 19920 19932 19920 19932 19896 19992 19968 19932 19956 19944 19932 19944 19944 19932 19956 19932 19908 19908 19920 19920 19956 19872 19920 19920 19920 19884 19920 19932 19932 19872 19872 19884 19896 19920 19860 19956 19932 19896 19908 19812 19908 19896 19908 19884 19836 19860 19896 19884 19884 19872 19872 19908 19848 19896 19896 19896 19848 19908 19896 19944 19896 19908 ]
[ 15384 15396 15396 15372 15384 15408 15336 15336 15372 15348 15336 15348 15324 15456 15408 15300 15372 15360 15348 15336 15324 15312 15312 15348 15348 15336 15372 15264 15348 15312 15336 15360 15360 15324 15300 15360 15360 15348 15372 15408 15348 15312 15432 15336 15348 15396 15432 15372 15360 15468 15420 15420 15372 15420 15384 15396 15384 15360 15372 15360 15396 15372 15372 15540 15420 15432 15408 15396 15348 15312 15396 15360 15372 15408 15420 15372 15432 15372 15408 15348 15372 15420 15432 15432 15396 15444 15408 15384 15432 15432 15384 15396 15408 15480 15372 15384 15432 15216 15444 15408 15300 15396 15348 15348 15348 15372 15336 15384 15432 15420 15396 15360 15408 15456 15384 15432 15336 15456 15336 15372 ]
];
sensors_y = [
[ 63664 63640 63664 63652 63664 63652 63688 63664 63652 63640 63676 63700 63664 63676 63664 63688 63652 63688 63688 63676 63676 63652 63676 63676 63688 63676 63688 63628 63688 63688 63688 63676 63640 63688 63676 63688 63676 63664 63676 63688 63688 63688 63676 63712 63676 63724 63652 63688 63676 63724 63688 63652 63688 63664 63712 63676 63724 63688 63712 63640 63700 63688 63676 63700 63676 63652 63664 63688 63676 63700 63700 63700 63688 63688 63664 63688 63688 63688 63676 63700 63688 63688 63700 63712 63652 63724 63700 63664 63652 63712 63664 63676 63616 63664 63652 63664 63676 63688 63616 63652 63640 63640 63628 63700 63628 63628 63652 63664 63664 63664 63628 63616 63628 63616 63640 63652 63640 63640 63604 63712 ]
[ 62584 62548 62548 62572 62560 62536 62536 62572 62536 62560 62596 62560 62572 62560 62572 62572 62548 62572 62572 62560 62572 62596 62572 62572 62560 62560 62620 62572 62608 62608 62584 62608 62584 62620 62608 62608 62596 62572 62632 62584 62620 62608 62608 62632 62608 62584 62596 62644 62608 62668 62608 62644 62644 62632 62644 62596 62632 62632 62644 62620 62644 62644 62608 62644 62632 62644 62620 62644 62644 62668 62632 62644 62644 62644 62644 62620 62668 62608 62644 62632 62644 62668 62656 62644 62632 62632 62644 62632 62608 62644 62620 62620 62608 62608 62608 62596 62620 62608 62560 62632 62584 62596 62560 62608 62584 62572 62608 62584 62584 62572 62560 62572 62584 62572 62548 62560 62536 62536 62548 62632 ]
[ 62968 62896 62920 62932 62932 62944 62980 62908 62860 62932 62980 62944 62944 62968 62944 62944 62920 62956 62956 62944 62944 62932 62920 62944 62980 62920 62956 62944 62908 62956 62932 62932 62908 62956 62956 62920 62932 62884 62980 62968 62896 62932 62932 62944 62920 62944 62896 62908 62908 62956 62944 62968 62944 62956 62956 62932 62944 62968 62992 62908 62896 62932 62920 62968 62944 62932 62956 62968 62956 62968 62944 62932 62968 62932 62956 62908 62968 62992 62908 62944 62944 62968 62992 62932 62968 62980 62956 62944 62920 62956 62920 62944 62908 62980 62956 62944 62980 62908 62884 62944 62932 62908 62932 62980 62920 62956 62980 62968 62968 62956 62920 62944 62944 62920 62920 62932 62944 62896 62920 63076 ]
[ 62644 62524 62572 62596 62560 62536 62584 62608 62476 62524 62608 62596 62620 62608 62620 62620 62620 62608 62668 62572 62572 62584 62584 62632 62692 62560 62620 62584 62620 62608 62632 62656 62536 62596 62548 62608 62584 62536 62620 62608 62644 62632 62584 62632 62644 62620 62560 62596 62584 62668 62620 62596 62620 62644 62608 62644 62656 62656 62620 62608 62620 62668 62668 62668 62620 62608 62644 62668 62620 62656 62620 62560 62620 62632 62596 62644 62632 62620 62656 62584 62644 62596 62656 62632 62596 62596 62632 62608 62584 62632 62608 62572 62560 62536 62572 62620 62608 62536 62524 62512 62584 62500 62500 62740 62500 62596 62536 62608 62560 62548 62524 62560 62536 62488 62560 62572 62524 62536 62560 62716 ]
];
house_keep = [
[ 38318 38321 38320 38322 38320 38320 38318 0 ]
[ 32635 32635 32635 32634 32635 32635 32637 0 ]
[ 38161 38158 38156 38158 38160 38158 38157 0 ]
[ 26491 26533 26589 26632 26688 26734 26768 0 ]
[ 26491 26533 26589 26632 26688 26734 26768 0 ]
];
config = [309 616 2 1 0 ]