sensors_x = [
[ 19488 19044 19020 19020 19020 19032 19032 19008 19008 19008 19008 19008 19008 19020 19008 18996 19008 19020 18996 18996 19008 18996 18984 18996 19008 19008 18984 18996 18996 18996 18972 18996 19020 18996 18972 18996 18984 18972 18984 18996 18996 18960 18960 19008 18996 18960 18996 18960 18972 18996 18960 18984 18996 18996 18984 18984 18984 18972 18972 18996 18996 18996 18996 18996 18972 18996 18996 18996 18960 18996 18984 18972 18972 18984 18996 18984 18972 18996 18960 18996 18972 18960 18960 18960 18972 18960 18972 18960 18984 18960 18972 18960 18972 18960 18984 18960 18972 18984 18984 18972 18984 18960 18972 18972 18960 18972 18960 18996 18948 18960 18972 18960 18960 18960 18948 18960 18972 18960 18972 18960 ]
[ 17184 19332 19296 19284 19248 19236 19236 19236 19236 19236 19260 19260 19260 19248 19260 19260 19260 19248 19260 19260 19260 19260 19260 19260 19260 19260 19260 19260 19272 19260 19272 19272 19260 19272 19272 19272 19272 19260 19272 19272 19260 19272 19272 19248 19260 19272 19272 19272 19272 19260 19272 19272 19272 19272 19272 19260 19272 19272 19272 19272 19272 19260 19260 19272 19272 19272 19272 19272 19248 19260 19272 19272 19260 19260 19272 19272 19260 19272 19248 19272 19272 19260 19260 19272 19272 19248 19260 19272 19248 19260 19248 19260 19248 19248 19260 19248 19248 19248 19248 19248 19260 19260 19260 19260 19260 19260 19248 19248 19236 19248 19248 19260 19248 19248 19260 19248 19236 19248 19260 19260 ]
[ 11556 13596 13824 13824 13800 13800 13800 13788 13752 13776 13764 13788 13800 13788 13788 13776 13776 13776 13776 13776 13776 13776 13776 13764 13776 13740 13764 13752 13752 13764 13752 13752 13764 13752 13752 13764 13788 13752 13740 13752 13764 13764 13752 13764 13788 13764 13740 13740 13740 13740 13740 13740 13740 13740 13740 13740 13740 13752 13740 13752 13752 13752 13752 13740 13752 13740 13752 13740 13740 13728 13740 13728 13728 13728 13728 13728 13704 13740 13728 13728 13728 13728 13716 13728 13716 13728 13716 13728 13668 13704 13704 13728 13728 13728 13704 13716 13704 13692 13716 13716 13728 13728 13728 13716 13716 13728 13740 13692 13740 13716 13728 13728 13728 13752 13740 13740 13740 13740 13728 13728 ]
[ 5520 6636 6888 6936 6900 6888 6876 6876 6840 6864 6852 6924 6888 6876 6876 6852 6864 6876 6840 6876 6828 6900 6876 6876 6876 6864 6876 6876 6876 6876 6876 6888 6864 6876 6876 6876 6876 6876 6876 6876 6876 6876 6876 6876 6888 6876 6876 6876 6828 6876 6876 6876 6888 6876 6876 6876 6888 6876 6876 6876 6876 6876 6876 6900 6876 6876 6876 6876 6900 6900 6888 6840 6888 6828 6876 6912 6828 6912 6912 6840 6912 6864 6912 6900 6876 6900 6900 6864 6828 6864 6900 6912 6900 6900 6900 6876 6864 6900 6900 6900 6888 6900 6900 6876 6888 6876 6900 6864 6876 6900 6900 6900 6900 6876 6900 6900 6912 6816 6900 6900 ]
];
sensors_y = [
[ 3024 4884 5028 5052 5052 5064 5064 5088 5064 5088 5088 5088 5088 5076 5088 5100 5088 5076 5100 5100 5088 5100 5088 5100 5088 5088 5088 5112 5100 5100 5124 5112 5088 5100 5124 5100 5112 5124 5112 5100 5100 5136 5136 5088 5100 5136 5112 5136 5124 5100 5136 5112 5100 5100 5112 5124 5112 5124 5100 5100 5100 5100 5100 5100 5124 5100 5100 5112 5112 5100 5112 5124 5124 5124 5100 5124 5124 5100 5136 5100 5124 5112 5136 5136 5136 5136 5124 5136 5112 5136 5124 5136 5124 5136 5124 5136 5124 5112 5112 5100 5112 5136 5124 5136 5112 5136 5136 5100 5172 5136 5124 5136 5136 5136 5124 5136 5112 5136 5136 5136 ]
[ 64528 1116 1512 1596 1656 1668 1668 1668 1668 1668 1692 1692 1692 1680 1692 1692 1692 1680 1692 1692 1692 1692 1692 1692 1692 1692 1692 1692 1704 1692 1704 1704 1692 1704 1704 1704 1704 1716 1704 1704 1692 1704 1704 1680 1692 1704 1704 1704 1704 1716 1704 1704 1704 1704 1704 1692 1704 1704 1704 1704 1704 1692 1692 1704 1704 1704 1704 1704 1728 1716 1728 1704 1740 1716 1728 1728 1740 1740 1752 1728 1752 1752 1740 1740 1728 1752 1740 1728 1752 1764 1752 1764 1752 1752 1764 1752 1752 1752 1752 1752 1740 1764 1764 1764 1764 1764 1752 1752 1788 1776 1752 1764 1776 1776 1764 1776 1764 1776 1764 1764 ]
[ 420 1812 2208 2328 2352 2352 2376 2424 2376 2400 2412 2412 2424 2412 2424 2424 2424 2400 2424 2424 2436 2424 2460 2460 2424 2436 2436 2472 2472 2436 2472 2472 2412 2472 2472 2460 2472 2472 2484 2472 2460 2484 2472 2460 2472 2496 2484 2484 2484 2484 2484 2484 2484 2484 2484 2484 2484 2496 2484 2496 2496 2496 2496 2484 2496 2484 2496 2508 2520 2520 2508 2520 2520 2520 2520 2520 2496 2508 2544 2520 2520 2520 2532 2544 2532 2544 2532 2544 2508 2520 2520 2544 2544 2544 2520 2532 2520 2508 2532 2532 2544 2544 2544 2532 2532 2544 2556 2508 2616 2532 2544 2544 2544 2568 2556 2580 2580 2580 2568 2568 ]
[ 64480 64540 64600 64648 64684 64696 64708 64708 64732 64720 64732 64756 64744 64708 64720 64732 64744 64708 64720 64756 64780 64732 64756 64756 64732 64744 64756 64756 64756 64756 64756 64768 64744 64756 64756 64756 64756 64756 64756 64756 64756 64756 64756 64756 64744 64756 64756 64756 64780 64756 64756 64756 64768 64756 64756 64756 64768 64756 64756 64756 64756 64756 64756 64780 64756 64756 64756 64756 64780 64780 64768 64768 64768 64804 64756 64792 64828 64792 64828 64768 64816 64768 64792 64780 64756 64780 64780 64840 64828 64816 64804 64792 64828 64852 64852 64876 64864 64852 64864 64864 64792 64852 64828 64828 64792 64828 64852 64840 64876 64852 64852 64852 64864 64852 64852 64852 64840 64816 64852 64852 ]
];
house_keep = [
[ 38958 38959 38959 38954 38958 38959 38957 0 ]
[ 32653 32656 32650 32654 32653 32653 32654 0 ]
[ 38953 38954 38949 38954 38954 38952 38954 0 ]
[ 49885 49921 49948 50007 50053 50080 50114 0 ]
[ 49885 49921 49948 50007 50053 50080 50114 0 ]
];
config = [309 616 2 1 0 ]