sensors_x = [
[ 19476 19032 19020 19032 19020 19020 19020 19020 19020 19032 18996 18996 19032 19032 19020 19020 19008 19008 19008 18996 19008 19020 18996 19008 19008 19008 19008 19008 19008 18984 19008 19008 19008 19008 19008 18984 19008 19008 18996 19008 18996 19008 19008 18996 18996 18996 19008 18996 18996 19008 18960 18984 18996 18996 18984 19008 18984 18996 18984 18996 19008 18996 19008 19008 18984 18984 18972 18984 18972 18996 19008 18996 18996 18960 18996 18984 18948 18972 18960 18960 19020 18984 18948 18960 18972 18948 18972 18972 18972 18960 18948 18948 18972 18996 18960 18960 18948 18996 18948 18960 18960 18948 18936 18960 18972 18936 18960 18936 18960 18996 18960 18948 18960 18936 18948 18984 18948 18984 18960 18948 ]
[ 17160 19320 19272 19236 19248 19236 19260 19260 19260 19260 19272 19248 19272 19272 19260 19272 19260 19248 19260 19260 19260 19260 19248 19260 19260 19248 19260 19260 19260 19248 19260 19260 19248 19260 19248 19248 19248 19248 19248 19248 19248 19248 19236 19260 19248 19248 19236 19236 19236 19248 19248 19236 19248 19248 19248 19236 19224 19236 19236 19248 19236 19248 19236 19224 19236 19248 19248 19236 19248 19236 19236 19248 19248 19248 19248 19248 19236 19248 19248 19260 19236 19236 19236 19248 19248 19248 19248 19248 19248 19248 19236 19236 19236 19248 19248 19248 19248 19236 19248 19236 19236 19236 19248 19248 19248 19248 19236 19236 19248 19224 19248 19248 19248 19248 19248 19248 19236 19224 19236 19236 ]
[ 11544 13524 13752 13752 13764 13728 13716 13728 13740 13740 13704 13740 13752 13728 13728 13764 13740 13740 13752 13728 13704 13668 13716 13716 13740 13716 13716 13740 13728 13716 13692 13716 13716 13716 13728 13752 13728 13704 13716 13716 13728 13716 13716 13740 13728 13716 13740 13728 13704 13692 13692 13716 13728 13704 13704 13680 13692 13728 13692 13728 13704 13704 13680 13716 13704 13716 13704 13704 13704 13668 13692 13704 13692 13704 13704 13704 13668 13692 13680 13644 13716 13680 13668 13704 13692 13692 13680 13680 13704 13692 13680 13644 13680 13668 13668 13692 13656 13668 13668 13692 13680 13692 13716 13692 13704 13704 13692 13668 13704 13704 13716 13692 13704 13704 13680 13728 13668 13704 13716 13704 ]
[ 5484 6648 6852 6900 6888 6912 6852 6936 6900 6900 6852 6876 6900 6888 6900 6900 6900 6912 6900 6876 6888 6912 6888 6924 6888 6876 6876 6888 6900 6852 6876 6864 6900 6900 6912 6900 6924 6912 6900 6864 6912 6900 6900 6900 6900 6900 6900 6900 6888 6864 6888 6900 6900 6888 6888 6852 6888 6900 6900 6912 6912 6888 6912 6888 6900 6888 6864 6900 6900 6816 6912 6924 6900 6900 6888 6888 6876 6876 6900 6888 6900 6900 6876 6900 6900 6900 6900 6900 6900 6900 6900 6876 6900 6900 6888 6900 6864 6864 6864 6876 6876 6900 6912 6900 6900 6888 6900 6900 6900 6900 6900 6900 6900 6900 6900 6912 6876 6876 6900 6900 ]
];
sensors_y = [
[ 3012 4872 5028 5040 5028 5052 5052 5052 5076 5064 5076 5076 5064 5064 5076 5076 5088 5088 5088 5100 5088 5076 5100 5088 5088 5100 5088 5088 5088 5064 5088 5088 5088 5088 5088 5112 5088 5088 5100 5088 5100 5088 5088 5100 5100 5100 5088 5100 5100 5088 5136 5088 5076 5100 5088 5088 5088 5100 5112 5076 5100 5100 5088 5088 5088 5088 5100 5112 5100 5076 5088 5100 5100 5136 5100 5112 5124 5136 5136 5112 5088 5112 5148 5136 5124 5124 5136 5100 5124 5136 5124 5148 5124 5112 5136 5136 5148 5100 5124 5148 5136 5124 5136 5136 5136 5136 5136 5136 5136 5076 5136 5148 5136 5112 5124 5112 5172 5088 5136 5148 ]
[ 64564 1128 1536 1668 1656 1668 1692 1692 1692 1692 1728 1752 1716 1704 1740 1728 1740 1752 1764 1764 1764 1764 1776 1764 1764 1776 1776 1764 1764 1776 1764 1764 1776 1764 1776 1800 1776 1776 1800 1776 1776 1776 1788 1788 1800 1800 1788 1788 1812 1800 1824 1812 1800 1800 1800 1788 1800 1812 1812 1776 1812 1824 1812 1800 1812 1824 1824 1812 1824 1812 1812 1824 1824 1824 1824 1824 1836 1824 1848 1848 1788 1812 1836 1836 1824 1824 1824 1824 1824 1824 1836 1860 1836 1824 1824 1824 1860 1836 1848 1836 1836 1836 1848 1824 1824 1836 1836 1836 1824 1800 1824 1824 1824 1836 1824 1824 1836 1800 1836 1836 ]
[ 504 1908 2376 2496 2484 2520 2532 2544 2556 2556 2544 2568 2568 2544 2544 2580 2556 2556 2568 2628 2616 2544 2628 2580 2580 2580 2580 2556 2592 2604 2556 2580 2580 2580 2544 2616 2592 2616 2580 2580 2592 2580 2580 2616 2616 2628 2592 2616 2640 2556 2628 2604 2616 2640 2616 2592 2628 2616 2628 2616 2640 2640 2616 2628 2640 2628 2640 2640 2640 2628 2628 2640 2628 2640 2640 2640 2652 2628 2664 2676 2628 2640 2652 2640 2628 2628 2640 2640 2640 2628 2640 2676 2652 2652 2652 2628 2664 2652 2652 2652 2640 2652 2640 2652 2640 2652 2652 2652 2640 2568 2640 2628 2652 2640 2640 2616 2676 2616 2628 2640 ]
[ 64540 64648 64756 64780 64768 64816 64804 64816 64780 64828 64828 64828 64852 64768 64804 64852 64852 64816 64828 64876 64864 64792 64864 64828 64864 64816 64828 64816 64804 64840 64828 64792 64852 64780 64840 64852 64828 64792 64804 64840 64816 64804 64852 64852 64852 64828 64804 64804 64864 64840 64864 64852 64828 64792 64828 64828 64816 64852 64852 64792 64816 64816 64816 64816 64852 64864 64840 64804 64852 64816 64792 64828 64804 64852 64816 64840 64876 64876 64852 64864 64780 64852 64888 64852 64852 64852 64852 64852 64852 64852 64852 64876 64852 64852 64864 64864 64888 64888 64888 64876 64876 64852 64864 64852 64864 64864 64852 64852 64852 64804 64852 64852 64852 64852 64852 64840 64888 64804 64852 64852 ]
];
house_keep = [
[ 38955 38954 38955 38957 38957 38955 38957 0 ]
[ 32649 32650 32651 32650 32653 32654 32650 0 ]
[ 38950 38949 38953 38952 38949 38953 38952 0 ]
[ 50073 50105 50153 50173 50218 50237 50276 0 ]
[ 50073 50105 50153 50173 50218 50237 50276 0 ]
];
config = [309 616 2 1 0 ]