sensors_x = [
[ 19104 19020 18972 18972 18960 18960 18960 18960 18960 18972 18972 18960 18960 18972 18960 18960 18972 18984 18972 18972 18972 18972 18972 18972 18984 18984 18972 18972 18984 18972 18984 18984 18984 18984 18972 18984 18984 18984 18984 18984 18984 18984 18984 18984 18984 18984 18984 18984 18984 18984 18984 18984 18972 18984 18984 18984 18972 18984 18984 18984 18984 18972 18972 18984 18984 18996 18972 18972 18984 18984 18984 18972 18972 18972 18984 18972 18972 18984 18972 18984 18972 18984 18984 18984 18972 18984 18984 18936 18972 18984 18972 18972 18984 18984 18984 18948 18984 18984 18984 18948 18960 18960 18972 18936 18960 18936 18948 18936 18948 18936 18936 18936 18948 18936 18924 18948 18924 18984 18972 18960 ]
[ 19368 19260 19260 19284 19272 19272 19260 19260 19248 19248 19260 19260 19260 19260 19260 19260 19260 19260 19260 19260 19248 19248 19260 19248 19248 19248 19248 19260 19260 19260 19248 19260 19260 19260 19260 19248 19260 19260 19248 19248 19260 19260 19248 19248 19248 19248 19248 19248 19260 19248 19248 19248 19248 19248 19260 19248 19260 19248 19248 19260 19248 19260 19248 19248 19248 19248 19260 19248 19260 19248 19248 19248 19248 19260 19260 19260 19248 19260 19248 19260 19248 19248 19260 19260 19260 19260 19248 19260 19260 19260 19260 19260 19260 19260 19260 19260 19260 19248 19272 19272 19260 19272 19272 19248 19272 19248 19248 19272 19272 19260 19272 19272 19260 19272 19260 19260 19272 19260 19284 19260 ]
[ 13272 13776 13836 13812 13812 13812 13788 13812 13812 13788 13788 13788 13776 13788 13788 13788 13788 13776 13788 13788 13776 13776 13776 13788 13776 13788 13776 13788 13788 13788 13788 13812 13800 13788 13776 13776 13788 13812 13788 13776 13776 13776 13788 13800 13788 13776 13776 13776 13788 13788 13788 13788 13788 13788 13788 13788 13788 13776 13800 13800 13776 13788 13788 13788 13776 13776 13776 13776 13788 13788 13776 13776 13788 13776 13800 13800 13788 13776 13776 13788 13776 13776 13776 13776 13752 13788 13764 13776 13776 13776 13788 13788 13776 13776 13788 13776 13764 13776 13752 13764 13752 13752 13764 13764 13752 13764 13752 13764 13752 13752 13752 13752 13752 13752 13728 13752 13752 13752 13812 13764 ]
[ 6420 6780 6876 6912 6876 6840 6852 6888 6888 6876 6852 6864 6864 6864 6864 6900 6864 6852 6852 6852 6876 6888 6864 6852 6828 6852 6876 6876 6876 6876 6876 6888 6876 6876 6852 6876 6888 6900 6864 6876 6876 6876 6876 6864 6876 6888 6876 6876 6852 6864 6876 6876 6852 6864 6852 6876 6876 6876 6876 6876 6828 6864 6876 6876 6876 6876 6876 6876 6876 6876 6864 6900 6876 6876 6888 6900 6912 6900 6888 6900 6900 6888 6876 6876 6900 6900 6900 6888 6900 6888 6900 6900 6900 6900 6900 6900 6900 6912 6900 6888 6900 6900 6900 6912 6876 6900 6900 6900 6900 6900 6900 6924 6900 6900 6912 6852 6912 6924 6924 6936 ]
];
sensors_y = [
[ 4704 5076 5148 5148 5160 5184 5184 5184 5184 5196 5196 5184 5184 5196 5184 5184 5196 5208 5196 5196 5196 5196 5196 5196 5208 5208 5196 5196 5208 5196 5208 5208 5208 5208 5196 5208 5208 5208 5208 5208 5208 5208 5208 5208 5208 5208 5208 5208 5208 5208 5208 5208 5220 5232 5208 5208 5220 5208 5208 5232 5232 5220 5220 5232 5232 5220 5220 5220 5232 5208 5208 5220 5220 5244 5220 5220 5220 5232 5220 5232 5220 5232 5232 5232 5220 5232 5208 5280 5244 5232 5220 5220 5232 5232 5232 5268 5232 5232 5232 5268 5256 5268 5244 5280 5256 5280 5268 5280 5268 5280 5280 5280 5268 5280 5292 5280 5292 5232 5244 5256 ]
[ 576 1524 1692 1716 1752 1752 1764 1764 1800 1800 1812 1812 1812 1812 1812 1812 1812 1836 1812 1812 1824 1824 1824 1824 1824 1824 1824 1836 1836 1836 1824 1836 1836 1836 1836 1824 1836 1836 1848 1848 1836 1848 1848 1848 1848 1848 1848 1848 1860 1848 1848 1848 1848 1848 1860 1848 1860 1848 1848 1860 1848 1860 1848 1848 1848 1848 1860 1848 1860 1848 1848 1848 1848 1860 1860 1872 1848 1860 1848 1860 1848 1848 1860 1860 1860 1836 1848 1884 1860 1860 1860 1860 1860 1860 1860 1884 1872 1872 1896 1908 1884 1920 1896 1896 1944 1920 1920 1944 1944 1932 1944 1944 1932 1944 1956 1932 1944 1932 1908 1932 ]
[ 1344 2112 2316 2364 2364 2388 2412 2400 2388 2412 2412 2412 2424 2412 2412 2412 2412 2424 2412 2412 2424 2424 2424 2436 2424 2412 2424 2412 2412 2436 2436 2436 2448 2436 2424 2424 2436 2436 2436 2424 2424 2424 2436 2448 2436 2424 2424 2424 2436 2436 2436 2436 2436 2436 2436 2436 2436 2424 2448 2448 2448 2436 2436 2436 2448 2424 2424 2424 2436 2436 2424 2424 2436 2472 2448 2448 2436 2424 2424 2436 2448 2448 2448 2448 2472 2412 2412 2472 2448 2424 2436 2460 2448 2472 2460 2484 2460 2448 2472 2484 2472 2472 2460 2460 2472 2472 2472 2484 2472 2472 2472 2472 2472 2472 2472 2472 2472 2472 2436 2484 ]
[ 64492 64588 64612 64672 64612 64720 64732 64696 64720 64708 64732 64720 64744 64744 64732 64744 64720 64756 64732 64732 64756 64732 64744 64756 64732 64732 64756 64756 64756 64756 64768 64744 64756 64756 64732 64732 64744 64732 64744 64756 64720 64708 64708 64720 64708 64696 64708 64708 64732 64720 64732 64708 64732 64744 64732 64708 64708 64708 64708 64708 64732 64720 64708 64708 64708 64708 64708 64708 64708 64708 64720 64684 64708 64708 64696 64684 64624 64684 64696 64684 64696 64696 64708 64708 64684 64684 64696 64696 64696 64696 64684 64684 64684 64684 64684 64684 64696 64684 64684 64696 64684 64684 64684 64672 64708 64684 64684 64684 64684 64684 64684 64660 64684 64684 64672 64708 64672 64660 64636 64648 ]
];
house_keep = [
[ 38965 38965 38962 38965 38961 38965 38964 0 ]
[ 32661 32659 32659 32658 32659 32662 32658 0 ]
[ 38958 38960 38958 38955 38958 38957 38957 0 ]
[ 49146 49222 49290 49346 49412 49486 49530 0 ]
[ 49146 49222 49290 49346 49412 49486 49530 0 ]
];
config = [309 616 2 1 0 ]