sensors_x = [
[ 19452 19020 18972 18960 18960 18960 18960 18960 18972 18960 18960 18960 18984 18984 18960 18984 18984 18972 18960 18960 18984 18984 18984 18984 18972 18984 18984 18984 18984 18960 18960 18960 18984 18960 18984 18984 18960 18960 18984 18960 18984 18960 18960 18960 18972 18960 18960 18960 18960 18960 18960 18960 18960 18960 18960 18960 18960 18972 18960 18960 18960 18960 18960 18960 18948 18960 18960 18960 18960 18960 18948 18960 18948 18960 18948 18948 18948 18960 18948 18948 18960 18948 18948 18948 18948 18948 18960 18960 18960 18948 18948 18948 18948 18948 18948 18960 18948 18948 18948 18948 18948 18948 18948 18948 18948 18948 18948 18948 18948 18948 18948 18948 18948 18948 18948 18948 18948 18960 18960 18948 ]
[ 17172 19320 19260 19272 19248 19260 19248 19248 19248 19248 19248 19248 19260 19260 19260 19248 19248 19248 19248 19248 19248 19248 19248 19248 19260 19260 19248 19248 19248 19248 19248 19248 19248 19248 19248 19248 19248 19248 19248 19248 19248 19248 19248 19236 19248 19248 19248 19248 19248 19236 19248 19248 19260 19248 19236 19236 19236 19248 19236 19248 19236 19248 19248 19248 19248 19248 19248 19248 19236 19248 19248 19236 19236 19260 19248 19260 19248 19236 19248 19236 19248 19248 19248 19248 19248 19260 19248 19248 19248 19236 19236 19248 19236 19236 19236 19248 19260 19248 19248 19260 19236 19248 19248 19248 19248 19260 19260 19248 19248 19260 19248 19260 19260 19260 19260 19260 19260 19248 19236 19260 ]
[ 11544 13596 13812 13812 13788 13788 13776 13788 13788 13788 13788 13788 13788 13776 13776 13788 13788 13788 13788 13788 13788 13788 13776 13788 13788 13752 13776 13788 13788 13788 13776 13776 13788 13788 13788 13788 13788 13788 13788 13788 13788 13776 13788 13788 13788 13788 13788 13788 13788 13788 13764 13788 13788 13776 13776 13788 13788 13776 13788 13788 13788 13788 13788 13788 13788 13788 13788 13788 13788 13800 13788 13788 13788 13812 13800 13788 13764 13788 13788 13788 13788 13788 13776 13788 13788 13812 13788 13788 13776 13788 13788 13788 13788 13788 13776 13776 13788 13788 13776 13788 13788 13788 13776 13788 13788 13788 13776 13776 13788 13788 13788 13776 13788 13776 13776 13776 13824 13788 13776 13788 ]
[ 5508 6648 6804 6900 6900 6888 6900 6900 6912 6900 6900 6900 6912 6900 6924 6900 6912 6900 6900 6900 6900 6900 6900 6900 6900 6900 6900 6900 6900 6900 6900 6900 6900 6900 6900 6900 6900 6900 6900 6900 6900 6900 6900 6900 6876 6900 6900 6900 6900 6900 6888 6900 6900 6900 6876 6900 6900 6912 6900 6900 6900 6900 6900 6900 6900 6900 6900 6900 6900 6900 6900 6900 6900 6900 6900 6900 6888 6900 6888 6876 6900 6900 6900 6900 6900 6888 6888 6900 6900 6900 6900 6900 6900 6900 6924 6912 6900 6924 6900 6912 6912 6888 6924 6924 6924 6912 6912 6924 6924 6924 6924 6924 6900 6900 6912 6924 6912 6900 6888 6900 ]
];
sensors_y = [
[ 3108 5028 5148 5184 5184 5184 5184 5184 5196 5184 5184 5184 5208 5208 5184 5208 5208 5196 5184 5184 5208 5208 5208 5208 5196 5208 5208 5208 5208 5184 5184 5184 5208 5184 5208 5208 5184 5184 5208 5184 5208 5184 5184 5184 5196 5184 5184 5184 5184 5184 5184 5184 5184 5184 5184 5184 5184 5196 5184 5184 5184 5184 5184 5184 5172 5184 5184 5184 5184 5184 5172 5184 5172 5184 5172 5172 5172 5184 5172 5172 5184 5172 5172 5172 5172 5172 5184 5184 5184 5172 5172 5172 5172 5172 5172 5184 5172 5172 5172 5172 5172 5172 5172 5172 5172 5172 5172 5172 5172 5172 5172 5172 5172 5148 5172 5172 5172 5160 5184 5172 ]
[ 64660 1272 1692 1776 1800 1812 1824 1824 1824 1824 1824 1824 1836 1836 1836 1824 1824 1824 1824 1824 1824 1824 1824 1824 1824 1836 1824 1824 1824 1824 1824 1824 1824 1824 1824 1824 1824 1824 1824 1824 1824 1824 1824 1788 1824 1824 1824 1824 1800 1812 1824 1824 1812 1800 1788 1788 1788 1824 1788 1800 1788 1800 1800 1800 1788 1800 1800 1800 1788 1800 1800 1788 1788 1764 1776 1764 1800 1788 1776 1788 1800 1788 1776 1776 1800 1764 1776 1800 1800 1788 1788 1800 1788 1788 1812 1800 1788 1788 1776 1764 1788 1776 1776 1776 1776 1788 1764 1776 1800 1788 1800 1764 1764 1764 1764 1764 1764 1776 1788 1788 ]
[ 456 1812 2244 2364 2412 2412 2424 2412 2412 2412 2412 2412 2412 2424 2424 2412 2412 2412 2412 2412 2412 2412 2424 2412 2412 2448 2424 2412 2412 2412 2424 2424 2412 2412 2412 2412 2412 2412 2412 2412 2412 2424 2412 2412 2412 2412 2412 2412 2412 2412 2412 2412 2412 2400 2424 2412 2412 2424 2412 2412 2412 2412 2388 2412 2412 2412 2412 2412 2388 2412 2412 2412 2412 2400 2400 2388 2412 2412 2412 2388 2388 2412 2400 2400 2412 2364 2412 2412 2400 2412 2412 2412 2412 2412 2424 2424 2412 2412 2424 2412 2412 2412 2424 2412 2412 2412 2400 2400 2412 2412 2412 2400 2412 2424 2424 2424 2400 2412 2424 2412 ]
[ 64396 64480 64540 64612 64612 64600 64612 64612 64624 64612 64612 64612 64624 64612 64636 64612 64624 64612 64612 64612 64612 64612 64612 64612 64612 64612 64612 64612 64612 64612 64612 64612 64612 64612 64612 64612 64612 64612 64612 64612 64612 64612 64612 64612 64588 64612 64612 64612 64612 64612 64600 64612 64612 64612 64612 64612 64612 64624 64612 64612 64612 64612 64612 64612 64612 64612 64612 64612 64612 64612 64612 64612 64612 64612 64612 64612 64600 64612 64600 64612 64612 64612 64612 64612 64612 64600 64600 64612 64612 64612 64612 64612 64612 64612 64660 64672 64612 64636 64612 64624 64624 64600 64636 64636 64636 64624 64624 64636 64636 64636 64660 64636 64684 64660 64672 64660 64672 64684 64696 64684 ]
];
house_keep = [
[ 38962 38962 38957 38962 38960 38964 38958 0 ]
[ 32654 32656 32657 32661 32653 32658 32655 0 ]
[ 38957 38955 38954 38954 38955 38954 38954 0 ]
[ 49585 49629 49686 49734 49802 49834 49895 0 ]
[ 49585 49629 49686 49734 49802 49834 49895 0 ]
];
config = [309 616 2 1 0 ]