sensors_x = [
[ 60160 60004 60292 60340 60724 60124 60184 60424 60436 60220 60460 60292 59764 59704 60232 59692 60628 59812 59944 60712 60640 60604 60100 60172 60592 60328 60172 60316 60292 60376 60088 59824 60400 59668 59428 60292 60220 59692 60496 59980 59476 60148 60532 60292 60868 60832 60172 60028 60400 59644 60292 59920 60460 60424 60292 59980 60424 59944 60016 60100 60292 60112 60424 60316 59980 60460 60556 59620 60412 60364 59884 60604 60820 59932 60052 60880 60688 59896 60376 60304 60376 60352 60664 60268 59608 60184 60136 59980 60316 60700 60040 60100 60424 59968 60568 60124 60556 60424 60592 60316 0 0 0 0 0 ]
[ 64744 64768 64672 64816 64732 64804 64720 64732 64708 64708 64780 64804 64780 64672 64684 64780 64744 64684 64852 64864 64768 64780 64660 64768 64732 64684 64744 64864 64792 64744 64780 64816 64684 64816 64720 64756 64720 64708 64660 64660 64732 64648 64756 64804 64804 64768 64708 64780 64756 64672 64792 64744 64768 64768 64756 64696 64756 64672 64756 64768 64828 64804 64804 64732 64840 64840 64720 64804 64744 64744 64744 64804 64744 64720 64744 64768 64912 64744 64732 64792 64720 64876 64720 64756 64708 64732 64828 64816 64804 64732 64684 64768 64804 64720 64828 64804 64684 64768 64768 64756 0 0 0 0 0 ]
[ 57316 57364 57436 57400 57412 57448 57484 57508 57508 57484 57448 57460 57460 57496 57448 57460 57484 57484 57412 57460 57460 57472 57448 57424 57412 57472 57436 57472 57460 57424 57436 57424 57424 57436 57436 57400 57436 57424 57448 57472 57436 57412 57412 57460 57436 57448 57472 57412 57436 57436 57448 57424 57424 57376 57424 57436 57436 57412 57412 57424 57460 57412 57412 57436 57460 57484 57472 57460 57460 57460 57436 57472 57460 57460 57448 57424 57424 57460 57460 57436 57424 57436 57436 57436 57460 57424 57448 57484 57436 57448 57424 57484 57388 57460 57448 57460 57460 57424 57436 57460 0 0 0 0 0 ]
[ 62356 62380 61684 61804 62260 62008 62116 61888 61768 62056 62320 61492 62908 62248 61804 62176 62188 61792 62032 62404 61864 62128 62296 61900 61936 62176 61540 62104 62152 61984 62068 61720 62224 62128 62380 62200 62068 62200 62008 61708 62092 62032 61828 62128 61696 62200 62440 62176 62176 62104 61996 62068 62248 61816 61696 62140 62500 61876 62200 61876 62056 62284 61948 61888 62152 61924 62428 61756 62500 62020 62044 62272 61852 61816 62404 62212 62104 62020 62560 61840 62116 62116 62152 61996 61804 61828 62356 61960 61576 62176 61948 62320 61972 62044 62548 61804 62296 62116 61924 62032 0 0 0 0 0 ]
];
sensors_y = [
[ 59152 59104 58252 58612 59164 59104 58528 58768 58660 58756 58324 59068 58564 58624 59152 58804 58708 59308 58792 58912 58696 58900 58948 59020 59176 58816 58900 58780 58540 59200 58792 58432 58864 59380 58780 58324 58660 59044 59080 58900 58444 59116 58876 58636 59116 58336 59572 58804 59080 59404 58876 58456 58732 59488 58852 59284 58456 58792 58336 59572 59092 58768 59032 59236 59164 58492 59236 59116 59068 59308 59380 58228 59140 58660 58924 59008 58504 58648 58888 58264 59296 59416 59272 58948 59176 58888 58552 58828 59212 58996 59224 58612 58648 59296 59200 59164 58852 58432 59296 59212 0 0 0 0 0 ]
[ 64456 64456 64312 64432 64372 64444 64480 64372 64444 64492 64372 64420 64420 64504 64420 64420 64408 64420 64372 64408 64336 64444 64420 64480 64492 64396 64456 64552 64480 64432 64444 64360 64468 64408 64540 64516 64456 64636 64492 64420 64492 64552 64564 64492 64396 64504 64492 64420 64468 64456 64408 64480 64456 64456 64492 64480 64444 64480 64480 64528 64468 64444 64420 64540 64444 64576 64480 64372 64456 64528 64432 64420 64480 64408 64312 64540 64312 64528 64540 64408 64504 64348 64408 64444 64564 64420 64384 64408 64468 64468 64492 64432 64468 64528 64396 64444 64444 64480 64480 64444 0 0 0 0 0 ]
[ 42916 42868 42796 42832 42820 42784 42748 42724 42724 42748 42784 42772 42772 42736 42784 42772 42748 42748 42820 42772 42772 42760 42784 42808 42820 42760 42796 42760 42772 42808 42796 42808 42808 42796 42796 42832 42796 42808 42784 42760 42796 42820 42820 42772 42796 42784 42760 42820 42796 42796 42784 42808 42808 42856 42808 42796 42796 42820 42820 42808 42772 42820 42820 42796 42772 42748 42760 42772 42772 42772 42796 42760 42772 42772 42784 42808 42808 42772 42772 42796 42808 42796 42796 42796 42772 42808 42784 42748 42796 42784 42808 42748 42844 42772 42784 42772 42772 42808 42796 42772 0 0 0 0 0 ]
[ 60052 59572 59692 59620 59740 59872 59596 59536 59752 61072 59848 60244 59968 60232 59572 59848 59596 59704 59872 59836 59368 59896 59920 59788 59968 60052 60244 59728 59848 59896 59788 59776 59608 59320 59956 60064 59860 59944 59752 59812 59644 59920 60148 59944 59728 59488 59920 59848 59824 59896 59692 59572 60280 59920 59872 59812 59596 59908 59536 59932 59680 60292 59692 59872 59944 59908 60076 59404 59956 60028 60148 59848 59188 59608 60292 59740 59536 59836 60064 59440 60172 59836 60112 59884 59884 59668 59692 59560 59680 59584 59692 59968 59692 59644 59452 60004 59776 59908 60304 59464 0 0 0 0 0 ]
];
house_keep = [
[ 44502 44501 44500 44496 44501 44503 0 ]
[ 32640 32642 32641 32640 32643 32642 0 ]
[ 65181 65181 65174 65177 65174 65174 0 ]
[ 25306 25400 25509 25578 25669 25732 0 ]
[ 25306 25400 25509 25578 25669 25732 0 ]
];
config = [309 616 2 1 0 ]