sensors_x = [
[ 59596 60004 60172 60256 60328 59332 60292 60340 60724 59752 60160 59656 60184 60052 59896 60364 60400 60184 60436 59980 60340 59668 59764 60748 60244 60712 60208 59872 59680 60040 60028 59248 60532 59848 60028 60100 60256 60160 60232 60508 60100 60388 60352 59836 60388 60592 59392 60052 60580 59956 60556 60112 60436 60544 60220 60496 60232 59932 59416 60580 60664 60040 60268 61000 60760 60052 59596 60124 59656 60004 60040 59848 60100 60088 60196 60112 60772 60088 60376 60184 59584 59656 60244 59956 59872 60088 60136 59956 60076 60172 60064 60196 59608 59896 59812 61036 59320 60148 60928 60592 0 0 0 0 0 ]
[ 64720 64732 64768 64780 64732 64672 64756 64720 64732 64720 64804 64708 64672 64672 64732 64732 64720 64744 64828 64684 64792 64756 64768 64864 64780 64732 64744 64708 64756 64768 64636 64804 64828 64792 64768 64732 64732 64744 64756 64744 64768 64768 64636 64708 64708 64780 64744 64732 64708 64720 64708 64816 64732 64780 64792 64792 64660 64768 64732 64720 64600 64768 64744 64732 64744 64744 64708 64696 64732 64672 64672 64756 64744 64708 64780 64744 64696 64696 64768 64732 64720 64648 64684 64672 64684 64696 64732 64780 64768 64804 64708 64780 64696 64696 64792 64720 64804 64744 64612 64708 0 0 0 0 0 ]
[ 56716 56752 56776 56740 56764 56800 56812 56788 56848 56812 56836 56824 56812 56812 56800 56824 56824 56812 56776 56800 56860 56836 56812 56824 56800 56776 56812 56824 56800 56812 56800 56812 56800 56800 56812 56812 56800 56800 56812 56812 56800 56824 56788 56788 56788 56776 56812 56812 56800 56824 56800 56812 56776 56776 56776 56812 56776 56776 56800 56788 56800 56824 56788 56812 56788 56776 56800 56812 56800 56776 56812 56788 56812 56848 56836 56812 56824 56836 56788 56824 56824 56860 56848 56812 56836 56848 56860 56836 56788 56812 56836 56776 56836 56824 56836 56836 56848 56800 56860 56836 0 0 0 0 0 ]
[ 62368 61564 62332 62368 61324 62212 61756 61804 62140 61564 62044 61828 61900 61876 61996 62200 61660 61852 62092 62056 61876 61840 61972 62092 61636 62008 61960 61720 62104 62104 61492 61804 62140 61924 62032 61684 61948 61600 61780 62416 62020 61708 62080 62320 61168 62224 61876 61888 61708 61780 62044 61768 62368 61756 62056 61768 62548 61756 62740 62752 62104 61840 62128 61876 61768 61756 61960 61852 61540 62140 61804 61912 62020 62044 62176 62332 62476 62284 61852 62104 61708 61468 61708 61732 61780 61408 61996 62008 60808 62680 62152 62572 62176 62236 61636 61636 61768 61804 61876 62488 0 0 0 0 0 ]
];
sensors_y = [
[ 59116 58912 59260 58984 58816 58564 59572 58780 58828 59608 59344 58576 59152 60052 59104 58852 59368 58912 59020 59332 58924 58924 59452 59188 59356 59224 59272 58840 59440 59752 58564 58792 58540 59104 59164 59452 59440 58552 59248 59332 59140 59428 58624 58996 59260 58456 59224 59716 58828 59140 59116 59392 58948 59704 59560 59080 59464 59476 58840 59344 58840 58732 58228 59056 59200 59164 59164 58804 59008 58900 58024 59344 59260 59704 58492 58816 58804 58936 58888 58768 58960 58648 58756 59620 59416 59068 58432 58852 59404 58756 58888 59236 59632 58636 59548 59236 59296 58876 59164 58672 0 0 0 0 0 ]
[ 64552 64444 64456 64468 64444 64336 64468 64432 64468 64504 64492 64516 64384 64432 64516 64480 64408 64408 64504 64540 64588 64480 64432 64408 64396 64564 64480 64516 64444 64408 64468 64444 64492 64504 64528 64492 64420 64420 64492 64480 64456 64456 64492 64516 64444 64468 64528 64396 64396 64504 64420 64504 64444 64468 64432 64528 64468 64456 64420 64432 64480 64456 64456 64420 64432 64456 64492 64480 64564 64480 64408 64564 64456 64492 64492 64480 64576 64504 64408 64456 64480 64384 64468 64480 64420 64360 64420 64372 64504 64432 64420 64420 64456 64408 64432 64528 64348 64456 64492 64444 0 0 0 0 0 ]
[ 43516 43480 43456 43492 43468 43432 43420 43444 43384 43420 43396 43408 43420 43420 43432 43408 43408 43420 43456 43432 43372 43396 43420 43408 43432 43456 43420 43408 43432 43420 43432 43420 43432 43432 43420 43420 43432 43432 43420 43420 43432 43408 43456 43444 43444 43456 43420 43420 43432 43408 43432 43420 43456 43456 43456 43420 43456 43456 43432 43444 43432 43408 43444 43420 43444 43456 43432 43420 43432 43456 43420 43444 43420 43384 43396 43420 43408 43396 43444 43408 43408 43372 43384 43420 43396 43384 43372 43396 43444 43420 43396 43456 43396 43408 43396 43396 43384 43432 43372 43396 0 0 0 0 0 ]
[ 60232 60124 59908 60160 60004 60052 60724 59944 60172 60052 59956 60220 60460 60424 60316 59860 60196 60412 60892 60328 60052 60352 60292 60268 60388 60592 60088 60016 60568 60184 60316 60244 59980 60004 60052 60292 60628 60160 60484 60232 60004 60400 60160 59728 60400 60280 60004 60208 60028 60004 60340 60064 60472 60148 60160 60256 60508 59716 59836 59920 60736 59968 59992 60220 60448 59788 60040 59908 60100 59980 60076 59512 60172 60124 59872 60316 59908 60004 60124 59680 60124 60340 60412 61012 60364 60304 60364 60184 58912 59740 60256 60100 60040 59836 60268 59740 60088 59884 60052 60568 0 0 0 0 0 ]
];
house_keep = [
[ 44530 44530 44533 44537 44535 44539 0 ]
[ 32614 32640 32640 32635 32637 32635 0 ]
[ 65165 65162 65162 65167 65167 65165 0 ]
[ 26088 26178 26206 26274 26330 26387 0 ]
[ 26088 26178 26206 26274 26330 26387 0 ]
];
config = [309 616 2 1 0 ]