sensors_x = [
[ 60448 60376 60136 60376 59440 59968 59992 60460 60472 60112 60220 59884 60844 60196 60220 59776 59980 60256 59908 60304 60676 60472 60088 60244 60220 59992 60052 60088 59836 60304 60064 59848 60124 59980 60340 60088 59908 59752 60028 59776 60520 60232 59932 59980 59488 59848 59860 59992 60424 60016 60268 59932 59992 60280 59860 59932 60436 59860 60268 59836 59872 59716 60700 60736 59260 59884 60040 60160 60100 60292 60568 60124 60100 59932 60460 60088 60004 60436 60376 60340 59608 60268 59968 60352 59968 60616 60412 60184 60196 60652 60052 59980 59668 60028 60784 60280 59524 59644 59284 60100 0 0 0 0 0 ]
[ 64756 64756 64744 64720 64684 64732 64840 64744 64600 64732 64720 64768 64684 64648 64744 64708 64804 64708 64756 64744 64804 64744 64816 64672 64720 64816 64756 64732 64624 64744 64780 64840 64780 64696 64768 64792 64756 64660 64708 64696 64756 64708 64720 64768 64744 64744 64792 64768 64720 64732 64756 64708 64792 64804 64624 64756 64672 64708 64696 64732 64720 64648 64672 64744 64732 64828 64672 64732 64636 64768 64744 64828 64720 64708 64828 64672 64708 64744 64816 64828 64756 64696 64792 64756 64804 64768 64720 64720 64720 64780 64672 64660 64816 64792 64696 64828 64744 64780 64648 64780 0 0 0 0 0 ]
[ 56992 57040 57028 57016 57040 57052 57064 57124 57088 57076 57100 57052 57064 57112 57076 57112 57064 57112 57112 57076 57076 57100 57052 57148 57100 57088 57100 57076 57088 57136 57064 57124 57100 57076 57100 57112 57088 57064 57112 57088 57100 57088 57088 57100 57100 57136 57124 57112 57076 57112 57088 57124 57076 57100 57124 57100 57112 57100 57112 57124 57124 57088 57100 57100 57136 57088 57088 57076 57088 57064 57088 57088 57100 57112 57100 57052 57040 57088 57124 57076 57076 57088 57064 57100 57064 57064 57088 57076 57052 57088 57100 57076 57076 57100 57076 57136 57088 57136 57076 57100 0 0 0 0 0 ]
[ 61768 61732 61672 61888 61936 61564 62068 62044 61660 62020 61816 61840 62140 62164 62056 61924 61756 61684 61660 62224 61852 61732 61768 62164 62032 61780 62032 61936 61672 62032 62092 62488 61888 62200 61900 61804 62176 62296 61768 61756 61804 61900 62056 61984 61612 61684 62092 61684 62188 62080 62248 61984 61840 62140 61804 61852 62176 62032 61756 62056 62044 61912 61816 61816 61984 61720 62008 61768 62080 62068 61588 62524 62392 61960 61720 61312 61720 61132 61444 61996 61660 61972 62140 61816 61768 62056 61960 62212 61768 62392 62080 62332 61600 62140 62536 62080 61732 61948 62104 62356 0 0 0 0 0 ]
];
sensors_y = [
[ 58744 59248 59428 59512 58960 59032 59152 59212 58888 59152 59572 59380 59044 59092 58144 59260 58900 59056 58540 58624 58732 59296 58360 58948 60244 59272 59524 59248 58276 59764 59128 58480 59884 59044 58684 58960 59404 59500 58588 58408 58696 59296 58348 59716 59056 59128 58108 58288 59128 59200 58648 58708 59344 59392 59188 58636 57916 59596 58540 58396 59080 58756 58924 59080 58912 59068 59488 59392 58516 58660 58936 58828 58756 59236 58900 58576 58972 58960 59020 58348 58720 59044 59296 58960 58504 58888 59044 58912 58780 58516 58804 58756 58804 59284 59416 58624 59308 58732 59140 58540 0 0 0 0 0 ]
[ 64540 64420 64528 64456 64516 64516 64408 64456 64480 64468 64456 64504 64372 64468 64456 64420 64612 64396 64516 64408 64348 64408 64528 64528 64480 64528 64492 64468 64528 64432 64516 64384 64540 64456 64456 64456 64468 64540 64492 64552 64492 64444 64408 64456 64480 64432 64600 64504 64504 64516 64528 64492 64528 64492 64384 64516 64432 64396 64432 64444 64480 64504 64432 64480 64468 64492 64480 64576 64516 64396 64456 64516 64432 64420 64444 64504 64492 64504 64456 64492 64492 64432 64456 64420 64444 64480 64456 64480 64480 64420 64456 64372 64504 64432 64480 64516 64456 64492 64432 64420 0 0 0 0 0 ]
[ 43240 43192 43204 43216 43192 43180 43168 43108 43144 43156 43132 43180 43168 43120 43156 43120 43168 43120 43120 43156 43156 43132 43180 43084 43132 43144 43132 43156 43144 43096 43168 43108 43132 43156 43132 43120 43144 43168 43120 43144 43144 43144 43144 43132 43132 43096 43108 43132 43156 43120 43144 43108 43156 43132 43108 43132 43120 43132 43120 43108 43108 43144 43132 43132 43096 43144 43144 43156 43144 43168 43144 43144 43132 43120 43132 43180 43192 43144 43108 43156 43156 43144 43168 43132 43168 43168 43144 43156 43180 43144 43132 43156 43156 43132 43156 43096 43144 43096 43156 43132 0 0 0 0 0 ]
[ 59728 59956 60160 60136 60064 60124 59716 60172 59956 59836 60064 60016 60544 60124 59920 60268 60052 60196 59932 60124 60244 60076 60064 59956 60064 60364 60232 60040 59920 60496 60004 59848 60064 59776 59980 59836 59800 60232 60112 59836 59908 60004 60184 59920 59980 60124 59812 59908 60316 59800 59920 59992 60160 59788 59884 59836 60328 59920 60148 59392 60172 59848 59896 59920 59800 60016 60040 60136 60112 59956 59752 60340 60592 59464 62248 60256 60304 60892 60268 60292 60004 60172 59692 60376 60496 59848 60136 60292 60004 60016 59644 59812 60184 60100 59896 59536 60580 59644 59656 59788 0 0 0 0 0 ]
];
house_keep = [
[ 44514 44509 44510 44516 44516 44519 0 ]
[ 32642 32640 32606 32640 32626 32637 0 ]
[ 65170 65173 65172 65167 65167 65170 0 ]
[ 25809 25883 25927 26024 26088 26149 0 ]
[ 25809 25883 25927 26024 26088 26149 0 ]
];
config = [309 616 2 1 0 ]