sensors_x = [
[ 17592 17592 17592 17592 17592 17616 17592 17592 17592 17580 17592 17568 17544 17556 17580 17556 17544 17556 17556 17556 0 0 0 0 0 0 0 0 0 0 ]
[ 18672 18684 18684 18684 18696 18720 18672 18672 18684 18684 18672 18672 18672 18672 18672 18672 18672 18672 18672 18672 0 0 0 0 0 0 0 0 0 0 ]
[ 13356 13368 13392 13380 13368 13404 13368 13368 13368 13368 13392 13368 13380 13344 13332 13344 13356 13344 13368 13356 0 0 0 0 0 0 0 0 0 0 ]
[ 6972 6984 7008 6972 6972 6996 6972 7008 6984 6972 6960 6984 6972 6888 6948 6948 6972 6996 6972 6972 0 0 0 0 0 0 0 0 0 0 ]
];
sensors_y = [
[ 8664 8664 8664 8664 8664 8640 8664 8688 8664 8700 8664 8724 8712 8724 8676 8724 8712 8724 8724 8724 0 0 0 0 0 0 0 0 0 0 ]
[ 5064 5004 4980 5004 5016 4992 5040 5064 5004 5064 5064 5064 5064 5064 5064 5064 5064 5064 5064 5064 0 0 0 0 0 0 0 0 0 0 ]
[ 4692 4656 4632 4668 4656 4632 4656 4668 4656 4656 4704 4704 4740 4704 4692 4704 4716 4704 4728 4716 0 0 0 0 0 0 0 0 0 0 ]
[ 12 65488 65488 65452 65476 65452 12 65512 65464 65500 24 0 12 65488 65524 65500 12 12 12 12 0 0 0 0 0 0 0 0 0 0 ]
];
house_keep = [
[ 38969 0 ]
[ 32665 0 ]
[ 38967 0 ]
[ 48824 0 ]
[ 48824 0 ]
];
config = [309 616 2 1 0 ]