sensors_x = [
[ 25140 25164 25152 25176 25164 25176 25176 25152 25188 25164 25200 25200 25164 25188 25176 25176 25188 25176 25200 25176 25200 25188 25188 25176 25224 25200 25176 25176 25176 25176 25212 25164 25200 25188 25188 25188 25164 25176 25164 25164 25176 25140 25164 25152 25128 25140 25140 25164 25152 25140 25140 25152 25152 25128 25128 25104 25128 25128 25104 25104 25128 25104 25080 25104 25116 25092 25080 25104 25140 25068 25092 25128 25068 25080 25044 25068 25092 25068 25044 25056 25044 25044 25020 25056 25032 25044 25080 25020 25008 24996 25032 25056 25032 25020 25020 25056 25008 24996 24996 25020 24984 24996 25008 24996 25044 25032 25056 25056 25032 25044 25044 25032 25068 25056 25032 25044 25044 25068 25044 25044 ]
[ 25668 25668 25680 25644 25668 25680 25668 25644 25656 25632 25680 25668 25668 25656 25656 25668 25692 25692 25704 25656 25668 25680 25656 25632 25668 25668 25668 25668 25656 25668 25680 25680 25668 25668 25668 25656 25656 25656 25656 25668 25656 25668 25620 25632 25644 25632 25644 25644 25644 25656 25608 25668 25644 25656 25632 25644 25656 25656 25644 25644 25680 25632 25620 25656 25644 25632 25632 25632 25656 25620 25680 25632 25632 25608 25620 25608 25632 25644 25620 25620 25608 25608 25608 25620 25620 25632 25632 25620 25620 25608 25632 25632 25608 25596 25620 25620 25644 25608 25620 25620 25608 25620 25632 25608 25608 25632 25620 25620 25644 25632 25620 25620 25632 25632 25632 25644 25608 25644 25632 25620 ]
[ 19932 19908 19920 19944 19908 19908 19944 19944 19920 19932 19908 19896 19932 19920 19896 19920 19920 19932 19896 19836 19896 19920 19992 19896 19896 19872 19920 19932 19908 19872 19860 19920 19920 19956 19896 19920 19896 19896 19848 19896 19908 19872 19848 19920 19872 19860 19896 19860 19884 19896 19872 19896 19872 19884 19884 19896 19920 19884 19884 19872 19896 19932 19848 19860 19884 19896 19908 19860 19908 19908 19932 19908 19896 19872 19872 19896 19908 19896 19908 19896 19884 19896 19920 19908 19860 19908 19908 19884 19920 19872 19932 19908 19860 19920 19956 19884 19956 19920 19968 19920 19932 19896 19932 19932 19920 19920 19908 19932 19896 19932 19944 19920 19968 19908 19968 19932 19920 19956 19956 19932 ]
[ 15408 15408 15396 15420 15396 15432 15336 15444 15384 15456 15384 15336 15432 15408 15408 15408 15432 15468 15456 15432 15348 15408 15384 15456 15468 15372 15432 15456 15432 15396 15444 15444 15420 15420 15432 15420 15360 15408 15468 15420 15396 15408 15372 15372 15432 15384 15372 15420 15396 15396 15348 15432 15444 15420 15360 15336 15408 15396 15348 15372 15468 15396 15312 15396 15408 15336 15408 15324 15432 15324 15444 15360 15372 15360 15372 15360 15384 15408 15348 15360 15396 15372 15324 15336 15312 15372 15456 15336 15324 15396 15360 15384 15384 15336 15384 15312 15288 15372 15324 15384 15384 15324 15420 15312 15336 15348 15336 15384 15360 15360 15276 15384 15300 15384 15396 15384 15360 15360 15420 15348 ]
];
sensors_y = [
[ 63676 63676 63664 63664 63676 63688 63664 63664 63676 63628 63688 63664 63676 63652 63664 63688 63676 63664 63712 63688 63688 63676 63628 63664 63664 63688 63664 63664 63664 63664 63676 63676 63688 63676 63652 63652 63652 63640 63652 63676 63640 63652 63604 63640 63640 63652 63652 63676 63664 63652 63652 63616 63640 63640 63640 63616 63640 63640 63640 63640 63640 63640 63640 63640 63664 63652 63640 63640 63652 63652 63652 63688 63652 63640 63628 63628 63652 63652 63628 63640 63652 63676 63676 63664 63640 63652 63664 63652 63640 63628 63640 63688 63688 63652 63652 63664 63688 63700 63652 63652 63664 63676 63688 63652 63676 63664 63688 63688 63688 63652 63676 63688 63676 63688 63688 63676 63700 63652 63676 63676 ]
[ 62620 62620 62656 62596 62644 62632 62620 62620 62632 62584 62656 62620 62620 62608 62632 62644 62620 62620 62632 62608 62620 62608 62584 62584 62620 62620 62620 62596 62608 62620 62608 62608 62620 62620 62596 62608 62608 62584 62584 62620 62584 62596 62548 62584 62572 62584 62596 62596 62572 62584 62560 62572 62572 62608 62560 62572 62560 62584 62572 62548 62584 62560 62548 62560 62572 62584 62536 62560 62560 62548 62608 62560 62560 62536 62572 62536 62536 62596 62548 62548 62536 62536 62560 62548 62572 62560 62560 62548 62572 62560 62584 62560 62560 62548 62572 62596 62596 62584 62572 62572 62560 62572 62584 62584 62584 62584 62596 62596 62620 62608 62596 62620 62608 62608 62608 62620 62584 62596 62608 62596 ]
[ 62956 62932 62968 62992 62980 62908 62896 62896 62896 62884 62932 62992 62920 62896 62896 62944 62968 62884 62992 62884 62992 62944 62968 62896 62920 62956 62896 62932 62932 62944 62908 62968 62956 62932 62968 62896 62920 62956 62920 62968 62884 62944 62884 62944 62920 62932 62944 62956 62932 62944 62932 62896 62944 62932 62956 62968 62968 62956 63004 62944 62944 62932 62968 62908 62980 62920 62968 62908 62944 62932 62932 62908 62944 62896 62920 62920 62932 62968 62932 62920 62956 62944 62920 62908 62956 62956 62944 62956 62896 62872 62980 62932 62956 62944 62932 62932 62908 62968 62944 62944 62932 62968 62956 62932 62920 62920 62920 62884 62968 62956 62920 62968 62968 62908 62896 62932 62920 62932 62956 62956 ]
[ 62632 62584 62644 62572 62596 62584 62632 62500 62584 62512 62608 62608 62608 62584 62560 62632 62608 62596 62656 62608 62668 62632 62500 62584 62572 62596 62560 62584 62560 62572 62596 62644 62572 62572 62608 62524 62560 62560 62548 62596 62500 62584 62500 62548 62512 62584 62596 62572 62560 62620 62596 62584 62548 62596 62536 62584 62620 62548 62572 62572 62644 62548 62560 62524 62536 62584 62536 62596 62656 62548 62596 62536 62536 62512 62644 62512 62488 62608 62596 62620 62548 62572 62596 62560 62644 62572 62512 62632 62548 62500 62560 62584 62632 62632 62632 62632 62584 62596 62644 62572 62608 62596 62620 62584 62560 62524 62644 62608 62632 62584 62596 62608 62596 62584 62596 62632 62644 62596 62596 62620 ]
];
house_keep = [
[ 38325 38322 38322 38327 38324 38318 38325 0 ]
[ 32637 32642 32640 32640 32637 32636 32637 0 ]
[ 38163 38161 38164 38163 38163 38162 38160 0 ]
[ 25922 26005 26078 26148 26214 26270 26331 0 ]
[ 25922 26005 26078 26148 26214 26270 26331 0 ]
];
config = [309 616 2 1 0 ]