sensors_x = [
[ 25092 25068 25056 25080 25080 25020 25032 25056 25032 25056 25068 25068 25080 25068 25128 25092 25056 25068 25116 25080 25104 25104 25092 25140 25128 25128 25140 25140 25128 25164 25152 25152 25140 25152 25152 25152 25152 25200 25176 25152 25188 25164 25188 25200 25188 25200 25164 25176 25200 25188 25176 25212 25188 25212 25224 25164 25188 25188 25164 25176 25164 25152 25152 25164 25176 25164 25164 25152 25140 25140 25128 25128 25104 25164 25140 25128 25152 25080 25092 25104 25104 25116 25116 25080 25068 25080 25068 25080 25044 25008 25068 25044 25020 25020 25056 25056 25056 25020 24984 25008 25044 25020 25008 25044 24984 24984 25020 24996 25020 25020 25020 25020 25020 25032 25020 25056 25020 25032 25044 25032 ]
[ 25632 25668 25620 25632 25620 25620 25632 25620 25608 25596 25620 25644 25644 25668 25644 25620 25596 25656 25632 25620 25632 25620 25620 25656 25632 25632 25632 25644 25656 25656 25632 25656 25644 25656 25656 25668 25644 25668 25668 25692 25656 25644 25668 25680 25668 25680 25668 25680 25680 25656 25656 25680 25668 25656 25668 25692 25692 25668 25656 25680 25644 25668 25680 25656 25656 25644 25668 25656 25656 25644 25656 25644 25632 25680 25656 25668 25680 25644 25656 25692 25680 25656 25632 25632 25656 25656 25656 25632 25644 25608 25620 25644 25632 25656 25632 25632 25632 25596 25596 25596 25608 25620 25608 25632 25608 25632 25608 25620 25608 25620 25620 25620 25620 25608 25608 25632 25596 25608 25608 25608 ]
[ 19908 19896 19872 19920 19872 19908 19884 19908 19860 19908 19932 19920 19956 19956 19896 19860 19920 19860 19848 19860 19872 19896 19908 19860 19908 19908 19848 19896 19908 19920 19920 19872 19920 19884 19920 19884 19896 19908 19896 19908 19896 19860 19896 19860 19860 19884 19896 19920 19956 19884 19896 19920 19932 19920 19968 19920 19956 19944 19944 19956 19908 19932 19920 19920 19980 19920 19944 19920 19956 19980 19944 19920 19944 19944 19968 19932 19968 19968 19992 19980 20004 19944 19992 19956 19908 19944 19932 19968 19968 19980 19908 19944 19944 19920 19944 19884 19944 19956 19980 19944 19992 19932 19968 19992 19920 19908 19896 19920 19932 19920 19944 19956 19968 19968 19872 19872 19908 19896 19956 19872 ]
[ 15384 15408 15348 15336 15324 15384 15336 15360 15336 15372 15444 15396 15324 15372 15300 15384 15372 15360 15384 15360 15348 15360 15336 15372 15456 15408 15336 15504 15396 15420 15396 15372 15456 15336 15420 15396 15396 15444 15384 15396 15384 15360 15480 15384 15456 15408 15420 15408 15420 15372 15444 15408 15408 15432 15432 15312 15420 15432 15384 15396 15348 15420 15492 15432 15372 15384 15432 15408 15444 15480 15372 15396 15372 15468 15456 15408 15480 15456 15444 15408 15636 15396 15456 15468 15420 15408 15420 15420 15300 15300 15348 15408 15384 15348 15372 15336 15396 15372 15336 15360 15360 15336 15360 15360 15312 15288 15276 15396 15348 15372 15372 15324 15300 15384 15336 15336 15372 15360 15384 15360 ]
];
sensors_y = [
[ 63628 63604 63616 63664 63664 63628 63616 63640 63616 63616 63652 63628 63592 63652 63664 63628 63616 63628 63652 63616 63640 63640 63652 63652 63640 63640 63652 63604 63616 63652 63664 63640 63652 63664 63640 63640 63640 63664 63616 63640 63652 63676 63676 63640 63676 63664 63676 63664 63664 63628 63688 63676 63676 63676 63664 63676 63676 63676 63676 63736 63676 63664 63664 63676 63664 63700 63676 63688 63700 63628 63664 63592 63688 63700 63700 63664 63688 63688 63652 63712 63712 63700 63700 63688 63712 63664 63676 63688 63676 63640 63724 63700 63700 63676 63688 63688 63664 63676 63616 63664 63676 63700 63640 63676 63688 63688 63676 63676 63676 63652 63652 63676 63652 63664 63652 63664 63652 63640 63652 63664 ]
[ 62560 62572 62548 62560 62548 62548 62536 62548 62536 62524 62548 62548 62572 62524 62572 62548 62548 62584 62584 62548 62560 62548 62548 62584 62560 62560 62560 62548 62560 62584 62560 62584 62572 62608 62584 62596 62572 62572 62596 62596 62584 62596 62596 62584 62596 62608 62596 62608 62632 62608 62632 62632 62644 62608 62620 62644 62644 62620 62632 62656 62620 62644 62632 62632 62632 62620 62644 62632 62632 62620 62632 62620 62632 62656 62632 62644 62680 62644 62656 62668 62656 62632 62608 62632 62632 62656 62608 62632 62596 62584 62596 62644 62584 62632 62608 62608 62584 62548 62548 62572 62560 62596 62584 62584 62584 62584 62584 62596 62584 62548 62572 62572 62572 62560 62584 62560 62548 62560 62560 62560 ]
[ 62932 62944 62920 63004 62944 62980 62980 62956 62908 62956 62980 62920 62908 62860 62920 62932 62920 62932 62992 62860 62944 62896 62932 62932 62956 62932 62920 62932 62932 62944 62992 62944 62896 62980 62968 62932 62920 62956 62968 62932 62920 62932 62968 62908 62956 62884 62920 62920 62932 62932 62968 62944 62956 62920 62992 62968 62932 62944 62872 63028 62956 62908 62944 62920 62956 62944 62944 62968 62956 62884 62968 62944 62968 62968 62968 62908 62968 62944 62992 62932 62980 62944 62920 62884 62932 62968 62980 62920 62896 62956 62956 62968 62944 62920 62968 62932 62920 62980 62956 62944 62944 63004 62968 62944 62872 62884 62824 62968 62908 62920 62944 62956 62992 62872 62896 62944 62956 62980 62956 62920 ]
[ 62656 62560 62524 62536 62548 62512 62536 62560 62512 62524 62572 62572 62548 62500 62500 62488 62548 62512 62512 62488 62572 62560 62512 62572 62512 62536 62632 62392 62548 62512 62524 62572 62608 62656 62596 62548 62596 62524 62536 62548 62584 62632 62584 62584 62632 62536 62548 62512 62572 62524 62572 62584 62536 62584 62560 62680 62596 62608 62632 62620 62596 62572 62572 62632 62596 62656 62608 62584 62644 62584 62620 62692 62620 62620 62560 62608 62656 62728 62764 62752 62548 62668 62680 62692 62476 62740 62620 62524 62524 62596 62668 62584 62584 62596 62668 62632 62524 62572 62560 62560 62536 62680 62656 62560 62608 62584 62560 62644 62548 62572 62620 62668 62620 62536 62584 62560 62572 62512 62632 62584 ]
];
house_keep = [
[ 38326 38325 38331 38331 38330 38325 38327 0 ]
[ 32643 32645 32644 32645 32645 32642 32641 0 ]
[ 38166 38165 38166 38166 38166 38165 38165 0 ]
[ 25242 25333 25422 25512 25602 25682 25780 0 ]
[ 25242 25333 25422 25512 25602 25682 25780 0 ]
];
config = [309 616 2 1 0 ]