sensors_x = [
[ 64804 64684 64840 64840 64864 64864 64636 64636 64816 64816 64780 64636 64744 64780 64948 64756 64816 64708 64588 64804 64792 64852 64756 64948 64960 65092 64876 64912 64960 65044 64768 64780 64768 64744 64864 64840 64852 64696 64612 64756 64588 64888 64828 64768 64840 64936 64948 64780 64816 64768 64720 64600 64240 64288 64648 64600 64408 64552 64564 64684 64420 64492 64516 64456 64720 64624 64588 64504 64612 64528 64456 64540 64576 64372 64372 64612 64576 64636 64456 64732 64600 64624 64648 64672 64528 64528 64660 64516 64492 64588 64564 64696 64504 64528 64528 64636 64540 64636 64492 64468 0 0 0 0 0 ]
[ 65404 65464 65380 65380 65416 65356 65440 65380 65416 65380 65356 65368 65368 65380 65392 65392 65368 65356 65356 65368 65368 65404 65356 65380 65452 65344 65380 65380 65404 65392 65380 65404 65356 65332 65356 65428 65452 65356 65356 65356 65392 65416 65464 65356 65368 65356 65392 65380 65368 65380 65356 65380 65440 65356 65356 65428 65464 65368 65332 65356 65368 65356 65356 65356 65356 65356 65356 65380 65356 65404 65368 65380 65404 65344 65356 65356 65356 65368 65368 65380 65344 65356 65356 65368 65368 65356 65356 65368 65380 65392 65356 65356 65356 65356 65368 65356 65368 65356 65356 65356 0 0 0 0 0 ]
[ 324 360 324 348 360 348 336 360 360 348 348 360 348 348 372 360 348 360 360 348 360 360 360 360 372 360 360 360 372 360 360 360 360 360 360 384 360 360 372 372 372 336 360 360 360 360 360 360 360 264 360 192 2064 1464 1272 1332 1284 1392 1404 1440 1452 1452 1452 1440 1452 1452 1452 1440 1440 1452 1452 1464 1452 1440 1440 1440 1452 1452 1464 1452 1452 1428 1440 1452 1452 1452 1464 1476 1452 1440 1464 1452 1440 1452 1440 1464 1452 1452 1452 1452 0 0 0 0 0 ]
[ 65068 65164 64912 64972 64984 64924 64960 64960 64972 65008 65056 65056 65056 65116 64960 64936 65044 65032 65044 64996 65044 65080 64948 64936 64960 64960 65080 64900 64768 64900 64996 65044 64888 64996 65032 65080 64972 64828 64948 64960 64936 65104 65056 64996 65080 65020 64984 64924 65044 64960 64912 64948 64624 64576 64744 64636 64528 64588 64564 64636 64468 64552 64516 64480 64552 64540 64468 64444 64492 64336 64600 64420 64456 64480 64624 64588 64456 64516 64516 64732 64552 64576 64396 64492 64552 64468 64444 64576 64480 64564 64528 64456 64456 64480 64528 64540 64492 64444 64480 64480 0 0 0 0 0 ]
];
sensors_y = [
[ 63628 63700 63616 63736 63760 63592 63484 63772 63784 63880 63676 63676 63616 63796 63580 63604 63688 63604 63700 63532 63664 63652 63556 63748 63544 63628 63604 63760 63904 63796 63640 63508 63664 63856 64072 63760 63700 63712 63892 63772 63604 63616 63532 63568 63520 63520 63580 63724 63616 63784 63544 63472 61552 61672 62056 61768 61048 61456 61780 61948 61708 61900 61780 61768 61792 61696 61828 61816 61780 61840 62008 61804 62008 62068 61924 61804 61912 61780 61888 61792 62104 61912 61912 61984 61864 61936 61732 61948 61852 61732 61828 61792 61984 61792 61624 61708 61948 61804 61888 61780 0 0 0 0 0 ]
[ 64960 64912 64924 64912 64888 64900 64912 64924 64912 64924 64900 64960 64912 64948 64912 64912 64912 64900 64900 64900 64912 64900 64900 64924 64900 64912 64948 64924 64888 64912 64924 64900 64900 64924 64924 64900 64876 64900 64900 64900 64888 64912 64936 64948 64960 64900 64924 64900 64912 64924 64900 64924 64864 64900 64900 64852 64888 64888 64876 64900 64888 64900 64900 64900 64900 64900 64900 64876 64900 64852 64888 64876 64864 64888 64900 64900 64900 64912 64900 64912 64888 64900 64900 64888 64888 64900 64900 64888 64876 64864 64900 64900 64900 64900 64888 64900 64900 64900 64900 64900 0 0 0 0 0 ]
[ 44620 44608 44620 44596 44608 44596 44620 44608 44608 44596 44620 44608 44596 44596 44620 44608 44596 44608 44608 44596 44608 44608 44608 44608 44620 44608 44608 44608 44620 44608 44608 44608 44608 44608 44608 44608 44608 44608 44620 44620 44620 44608 44608 44608 44608 44608 44608 44608 44608 44584 44608 44248 43552 43912 43936 43996 44068 43960 43972 43936 43948 43948 43948 43936 43948 43948 43948 43948 43936 43948 43948 43960 43948 43936 43936 43936 43948 43948 43960 43948 43948 43948 43936 43948 43948 43948 43960 43972 43948 43936 43960 43948 43936 43948 43936 43960 43948 43948 43948 43948 0 0 0 0 0 ]
[ 64132 64036 64192 64300 64120 64156 64168 64120 64132 64168 64216 64288 64216 64372 64216 64096 64132 64120 64132 64108 64132 64144 64156 64120 64120 64240 64120 64180 64144 64204 64192 64204 64240 64180 64144 64192 64108 64300 64180 64168 64216 64180 64264 64108 64144 64108 64120 64108 64132 64096 64192 64156 63376 63520 63664 63700 63280 63076 63100 63004 63172 63088 63268 63088 63064 63100 63148 63196 63004 63088 63112 63100 63160 63184 63184 63148 63112 63268 63220 63220 63088 63088 63100 63148 63064 63220 63124 63088 63352 63148 63184 63184 63160 63184 63088 63076 63220 63196 63184 63160 0 0 0 0 0 ]
];
house_keep = [
[ 46580 46565 46559 46561 46560 46558 0 ]
[ 32661 32658 32660 32659 32658 32662 0 ]
[ 65182 65189 65183 65191 65180 65181 0 ]
[ 49171 49243 49314 49381 49437 49508 0 ]
[ 49171 49243 49314 49381 49437 49508 0 ]
];
config = [309 616 2 1 0 ]