sensors_x = [
[ 63784 64000 64780 65296 65428 36 65488 65380 65488 65440 65188 64624 60316 60700 60796 61060 61168 61132 61264 61264 61120 61312 61252 61180 61192 61456 61492 61264 61168 61120 61336 61288 61408 61372 61324 61324 61240 61336 61408 61468 61264 61240 61312 61348 61252 61384 61288 61144 61324 61216 61264 61180 61312 61336 61264 61492 61324 61468 61564 61444 61288 61372 61408 61420 61408 61492 61372 61348 61264 61120 61216 61216 61276 61216 61312 61468 61348 61360 61300 61276 61336 61396 61360 61192 61432 61168 61252 61276 61240 61480 61408 61324 61324 61564 61480 61324 61444 61432 61372 61108 0 0 0 0 0 ]
[ 65308 65308 65344 65332 65356 65332 65332 65332 65260 65200 65284 65320 65224 65212 65248 65236 65248 65248 65248 65248 65200 65248 65224 65248 65212 65248 65224 65224 65200 65164 65248 65260 65236 65260 65224 65236 65224 65236 65224 65260 65260 65224 65212 65224 65224 65200 65224 65236 65248 65248 65248 65212 65260 65236 65260 65248 65200 65236 65248 65200 65188 65176 65260 65236 65260 65212 65212 65248 65212 65236 65236 65224 65236 65212 65224 65236 65176 65224 65224 65188 65212 65236 65260 65248 65248 65236 65212 65260 65248 65248 65248 65248 65224 65200 65248 65236 65236 65236 65248 65248 0 0 0 0 0 ]
[ 63616 63604 24 65488 65188 65128 65104 64924 65104 64984 64492 62116 65296 64684 65368 65368 65356 65356 65380 65356 65380 65380 65368 65368 65344 65356 65368 65368 65368 65344 65356 65368 65380 65380 65356 65356 65392 65380 65368 65368 65368 65380 65380 65380 65356 65380 65356 65380 65392 65392 65392 65344 65344 65392 65380 65344 65368 65356 65368 65368 65380 65368 65392 65356 65344 65344 65368 65392 65356 65344 65368 65368 65380 65344 65368 65380 65344 65380 65368 65356 65356 65392 65368 65368 65368 65356 65392 65404 65380 65380 65356 65368 65392 65368 65380 65356 65356 65380 65356 65356 0 0 0 0 0 ]
[ 64036 64108 64768 65212 65272 65284 65224 65320 65284 65308 65284 65164 63388 62860 62680 62728 62644 62716 62632 62644 62644 62704 62644 62704 62728 62656 62596 62680 62656 62704 62644 62728 62644 62704 62632 62644 62680 62668 62776 62668 62692 62716 62680 62668 62620 62692 62680 62752 62668 62704 62680 62692 62680 62692 62716 62704 62668 62668 62728 62716 62800 62668 62692 62680 62692 62716 62716 62716 62716 62680 62704 62728 62632 62704 62656 62656 62716 62668 62728 62716 62704 62716 62740 62716 62764 62764 62716 62788 62704 62704 62668 62704 62668 62584 62608 62704 62692 62740 62764 62752 0 0 0 0 0 ]
];
sensors_y = [
[ 62056 62428 64300 65032 65356 65068 65104 65308 65152 65080 64828 63688 53788 49972 48460 48340 48328 48292 48112 48376 48352 48256 48232 48148 48328 48136 48076 48280 48160 48112 48232 48184 48424 48244 48100 48124 48232 48232 48400 48304 48232 48352 48232 48124 48148 48184 48232 48160 48220 48040 48064 48172 48424 48088 48184 48124 48124 48028 48268 48100 48136 48220 48256 48172 48016 48292 48304 48028 48256 48304 48280 48328 48172 48208 48304 48148 48244 48112 48124 48196 48280 48244 48304 48184 48208 48208 48256 48100 48112 48160 48208 48196 48076 48052 48172 48412 48196 48352 48460 48436 0 0 0 0 0 ]
[ 64900 64900 64936 64924 64972 64924 64924 64996 65020 64960 64996 64960 64756 64756 64696 64684 64696 64720 64696 64708 64768 64720 64696 64696 64708 64696 64672 64696 64720 64720 64720 64708 64732 64720 64756 64684 64744 64684 64672 64708 64720 64720 64732 64672 64672 64720 64696 64756 64720 64720 64696 64660 64708 64732 64708 64720 64768 64684 64732 64720 64780 64768 64708 64684 64708 64756 64756 64720 64768 64720 64708 64696 64684 64708 64672 64684 64768 64696 64720 64756 64744 64684 64708 64696 64696 64732 64732 64708 64696 64696 64696 64696 64744 64768 64696 64684 64708 64732 64720 64696 0 0 0 0 0 ]
[ 43936 43924 55936 62248 63244 63520 63520 63544 64192 64192 61876 53572 41104 40948 40864 40840 40852 40840 40852 40852 40852 40852 40864 40840 40840 40852 40840 40840 40840 40840 40852 40840 40852 40852 40852 40852 40840 40864 40864 40840 40864 40852 40852 40852 40852 40852 40852 40852 40840 40840 40840 40840 40840 40840 40852 40840 40840 40852 40852 40864 40852 40840 40840 40828 40840 40840 40840 40840 40852 40840 40840 40864 40852 40840 40840 40828 40840 40828 40840 40852 40852 40840 40852 40840 40840 40828 40840 40864 40828 40828 40828 40840 40840 40852 40828 40828 40852 40828 40828 40828 0 0 0 0 0 ]
[ 63412 63436 64432 64684 64696 64756 64768 64792 64708 64852 64708 64444 62092 61492 61096 61072 61012 61060 60988 60964 61012 61048 61060 61072 61072 61000 61132 61048 61072 61048 61012 61072 61012 61072 61024 60988 60928 61012 60880 60988 61084 61060 61024 61036 61060 61036 61048 61012 61012 61048 61024 61036 60928 61012 61060 61048 61012 60988 60964 61060 61000 61012 60940 60928 60940 61060 61060 61060 61060 61024 61048 61072 60976 61072 61024 61000 61072 60940 60964 61060 61072 61060 61084 61060 60892 60964 61060 61012 60928 60892 61012 61048 60916 60928 60784 61024 61036 61132 61084 60904 0 0 0 0 0 ]
];
house_keep = [
[ 46546 46545 46540 46541 46546 46529 0 ]
[ 32655 32656 32659 32657 32657 32658 0 ]
[ 65184 65181 65177 65179 65182 65184 0 ]
[ 49440 49514 49565 49613 49653 49702 0 ]
[ 49440 49514 49565 49613 49653 49702 0 ]
];
config = [309 616 2 1 0 ]