sensors_x = [
[ 65308 65464 65512 65428 65524 65392 65380 65356 65464 65356 65272 65500 65284 65332 0 65452 65344 65116 64708 62404 63436 63844 63964 64108 63940 64072 64108 64312 64312 64156 64360 64120 64276 64156 64240 64072 64144 63988 64024 64312 64168 64108 64312 64228 64252 64204 64108 64060 64156 64096 64036 64060 64156 64156 64336 64156 64144 64168 64180 64060 64060 64120 64156 64312 64084 63940 64096 64276 64144 64216 64012 64036 64060 64300 64180 64168 64120 63988 64000 64288 64192 64048 64060 64168 64324 64444 64216 63988 64180 64336 64240 64348 64192 64324 64240 64156 64240 64180 64276 64300 0 0 0 0 0 ]
[ 65392 65404 65380 65416 65416 65404 65416 65428 65368 65380 65380 65404 65392 65368 65440 65428 65464 65380 96 65392 65344 65356 65284 65332 65308 65296 65308 65320 65320 65308 65308 65296 65320 65296 65296 65296 65320 65296 65296 65284 65320 65320 65308 65296 65296 65296 65320 65344 65308 65308 65332 65308 65296 65332 65284 65320 65308 65308 65308 65296 65332 65320 65332 65296 65320 65284 65308 65308 65296 65308 65296 65296 65296 65320 65308 65284 65296 65308 65296 65308 65284 65308 65344 65344 65308 65296 65308 65296 65356 65308 65320 65308 65320 65284 65320 65296 65296 65308 65296 65284 0 0 0 0 0 ]
[ 65320 65356 65356 65356 65344 65356 65320 65356 65368 65368 65368 65356 65356 65368 65296 65440 64768 64648 65152 2712 2880 2856 3084 3012 2868 2868 2868 2868 2856 2868 2856 2868 2880 2856 2868 2868 2880 2868 2868 2868 2868 2868 2868 2868 2868 2868 2868 2856 2868 2868 2856 2868 2856 2856 2868 2856 2868 2880 2880 2868 2868 2856 2856 2868 2868 2868 2856 2880 2868 2856 2880 2868 2868 2868 2868 2880 2868 2868 2856 2856 2868 2856 2868 2856 2868 2868 2856 2856 2856 2856 2868 2856 2880 2880 2880 2868 2856 2856 2868 2880 0 0 0 0 0 ]
[ 65392 65404 65356 65356 65332 65404 65392 65476 65380 65428 65416 65428 65416 65416 65344 65392 72 65380 65416 63928 63436 63340 63124 63316 63328 63460 63400 63328 63376 63388 63304 63412 63376 63412 63436 63460 63412 63412 63292 63352 63388 63316 63424 63400 63412 63388 63364 63388 63424 63364 63256 63388 63316 63388 63352 63316 63424 63340 63352 63424 63412 63376 63412 63400 63448 63316 63400 63496 63328 63424 63412 63412 63424 63424 63424 63364 63388 63376 63400 63352 63352 63436 63460 63436 63448 63400 63352 63316 63412 63352 63376 63472 63352 63448 63424 63436 63436 63424 63520 63496 0 0 0 0 0 ]
];
sensors_y = [
[ 65380 65296 65416 65332 65212 65248 65044 65188 65152 65212 65152 65104 65212 65428 65428 65164 64936 63748 62836 50020 47692 47476 47620 48628 48220 48088 48052 47944 47872 47788 47752 47992 47932 47980 47872 47920 47896 47980 47776 47872 47920 48100 48088 47980 48076 48052 48004 47932 47956 48124 48244 47932 47788 47992 47896 47908 48100 48064 47932 47980 47980 47800 48076 47920 47932 47956 47920 47968 47872 47944 48004 47860 47836 48052 48172 47800 47848 47980 47824 47920 48016 48160 48004 47944 47884 47980 48208 48004 47980 47800 47800 47908 47800 47860 48040 47860 47848 47980 47860 48028 0 0 0 0 0 ]
[ 65008 64996 64996 65008 65008 64996 65008 65020 64960 64972 64996 65020 65008 64960 65032 65020 65056 64996 65032 64720 64696 64684 64636 64612 64660 64648 64660 64672 64696 64660 64660 64648 64612 64648 64624 64648 64636 64648 64648 64636 64624 64672 64684 64648 64648 64672 64636 64672 64684 64684 64684 64684 64672 64636 64636 64624 64660 64684 64660 64648 64660 64672 64636 64648 64648 64636 64660 64684 64672 64660 64648 64648 64648 64648 64660 64660 64672 64660 64648 64660 64636 64684 64672 64672 64648 64648 64636 64648 64684 64684 64684 64636 64672 64636 64660 64648 64648 64684 64672 64636 0 0 0 0 0 ]
[ 63376 63412 63412 63412 63352 63340 63376 63436 63424 63424 63424 63412 63388 63376 62920 63712 60856 59632 54136 41344 41224 41104 41236 41308 41212 41188 41188 41188 41176 41188 41176 41188 41200 41176 41188 41188 41200 41188 41188 41188 41188 41188 41188 41188 41200 41188 41188 41176 41188 41188 41176 41188 41176 41176 41188 41176 41200 41200 41200 41188 41188 41176 41176 41188 41188 41188 41176 41200 41188 41176 41200 41188 41188 41188 41188 41200 41188 41188 41176 41176 41188 41176 41188 41176 41188 41188 41176 41176 41176 41176 41188 41176 41200 41200 41200 41188 41176 41176 41188 41200 0 0 0 0 0 ]
[ 64792 64732 64900 64852 64828 64732 64720 64684 64780 64756 64720 64732 64744 64792 64864 64744 64768 64756 64696 61696 60556 60268 59500 59812 59980 59884 59944 59920 59896 59836 59896 59860 59896 59908 59884 59956 59932 59860 59956 59992 59908 59932 59848 59932 59860 59860 59884 59884 59872 59896 59968 59884 60004 59884 59896 59932 59872 59908 59920 59872 59860 59920 59956 59944 59872 59812 59920 59992 59800 59872 59860 59860 59944 59872 59848 59908 59908 59968 59920 59872 59944 59908 59860 59860 59776 59872 59848 59956 59884 59896 59908 59800 59848 59800 59872 59956 59932 59968 59752 59800 0 0 0 0 0 ]
];
house_keep = [
[ 46517 46516 46518 46522 46519 46522 0 ]
[ 32656 32655 32654 32654 32654 32653 0 ]
[ 65176 65173 65172 65167 65169 65174 0 ]
[ 49617 49669 49706 49749 49796 49840 0 ]
[ 49617 49669 49706 49749 49796 49840 0 ]
];
config = [309 616 2 1 0 ]