sensors_x = [
[ 24708 24888 24912 24912 24924 24960 24972 25020 25056 25104 25176 25224 25272 25320 25368 25404 25452 25176 25548 25476 25584 25692 25716 25752 25788 25824 25824 25812 25980 25872 26124 25416 25836 25932 25992 26052 25968 25884 25836 25860 25824 25848 25800 25716 25644 25680 25596 25620 25656 25332 25512 25380 25224 25188 25188 25140 25224 25128 25056 24984 24912 24864 24792 24756 24708 24552 24576 24600 24540 24528 24480 24456 24384 24384 24360 24228 24228 24168 24180 24132 0 0 0 0 0 0 0 0 0 0 ]
[ 25452 25584 25524 25584 25572 25608 25572 25560 25596 25632 25644 25680 25692 25728 25716 25764 25776 25668 25800 25764 25848 25872 25884 25908 25908 25956 25932 25932 25992 25848 26040 25752 25920 26004 26004 26040 25980 25956 25956 25992 25932 25992 25980 25968 25944 25956 25920 25944 25968 25740 25920 25860 25728 25668 25704 25644 25692 25812 25740 25728 25704 25716 25680 25644 25608 25548 25596 25548 25536 25548 25512 25464 25500 25476 25476 25308 25356 25284 25272 25224 0 0 0 0 0 0 0 0 0 0 ]
[ 19620 19896 19908 19872 19884 19920 19500 19440 19452 19488 19488 19440 19476 19476 19452 19440 19488 19812 19488 19500 19572 19560 19512 19560 19608 19596 19668 19656 19656 19800 19728 19644 19788 19800 19800 19824 19788 19872 19860 19908 19968 19944 19968 20016 19980 19944 19944 19932 19896 19968 19884 19884 19968 19968 20004 19968 19896 19980 19812 19860 19752 19836 19860 19812 19800 19800 19860 19788 19776 19824 19812 19740 19788 19800 19800 19668 19656 19704 19704 19632 0 0 0 0 0 0 0 0 0 0 ]
[ 15240 15312 15252 15312 15276 15300 15300 15264 15348 15312 15384 15432 15480 15480 15444 15492 15528 15408 15528 15588 15600 15624 15600 15636 15708 15648 15672 15624 15708 15552 15720 15396 15684 15732 15684 15732 15696 15744 15732 15720 15972 15732 15624 15732 15732 15660 15696 15768 15696 15060 15600 15612 15384 15432 15492 15420 15396 15612 15468 15456 15468 15492 15408 15432 15420 15276 15300 15276 15240 15252 15252 14856 15192 15264 15240 15156 15132 15156 15120 15060 0 0 0 0 0 0 0 0 0 0 ]
];
sensors_y = [
[ 63292 63640 63616 63616 63628 63640 63268 63148 63112 63136 63124 63112 63112 63112 63112 63124 63124 63616 63124 63292 63208 63244 63268 63280 63316 63352 63400 63388 63388 63448 63436 63520 63532 63604 63640 63652 63664 63700 63724 63772 63760 63772 63760 63748 63724 63784 63796 63772 63736 64012 63784 63748 63736 63736 63724 63724 63736 63760 63808 63784 63784 63808 63784 63796 63772 63784 63760 63760 63748 63712 63760 63760 63760 63760 63784 63772 63772 63760 63748 63772 0 0 0 0 0 0 0 0 0 0 ]
[ 62068 62464 62452 62512 62500 62536 62164 62056 62092 62128 62140 62176 62188 62200 62236 62260 62272 62548 62320 62428 62440 62464 62500 62548 62572 62620 62668 62644 62728 62680 62800 62608 62752 62884 62908 62968 62956 62956 62956 62992 62980 63040 63028 63040 63040 63076 63064 63112 63136 62860 63160 63124 62824 62716 62728 62668 62668 63004 62980 62992 62992 63004 62968 62956 62920 62884 62884 62860 62848 62788 62800 62776 62740 62752 62764 62740 62716 62740 62680 62680 0 0 0 0 0 0 0 0 0 0 ]
[ 62980 62968 62980 62968 62956 62968 63028 63040 63076 63040 63016 63088 63076 63052 63052 63040 63040 63004 63016 63052 63028 63028 63040 63016 63088 63076 63076 62968 63088 62968 62992 62980 62980 62992 62992 63016 63004 62968 62980 63004 62920 62968 62944 62992 62932 62968 63040 62932 62968 62800 62956 63004 62920 62896 62956 62896 62992 62980 62908 63052 62968 62836 62956 63172 62944 62920 62932 62956 62968 62968 62956 62860 62956 62944 62944 63028 63040 62992 63040 63040 0 0 0 0 0 0 0 0 0 0 ]
[ 62404 62488 62572 62608 62548 62572 62236 62224 62212 62212 62176 62224 62176 62176 62140 62236 62224 62320 62224 62260 62296 62200 62248 62284 62356 62320 62440 62440 62380 62440 62416 62332 62476 62524 62500 62572 62584 62560 62644 62752 62452 62692 62800 62836 62788 62836 62800 62848 62872 63412 62836 62908 62680 62632 62644 62620 62404 62980 62932 62992 63004 62980 63016 62992 63004 63004 63124 63028 63016 62956 63028 62728 63040 62968 63016 63004 63004 62956 62944 62860 0 0 0 0 0 0 0 0 0 0 ]
];
house_keep = [
[ 38336 38333 38333 38331 38332 0 ]
[ 32646 32647 32643 32642 32644 0 ]
[ 38168 38170 38170 38167 38169 0 ]
[ 25155 25213 25255 25284 25327 0 ]
[ 25155 25213 25255 25284 25327 0 ]
];
config = [309 616 2 1 0 ]