sensors_x = [
[ 23652 23652 23640 23628 23640 23628 23628 23604 23652 23640 23652 23640 23652 23628 23652 23640 23628 23640 23640 23676 23676 23676 23640 23760 23808 23700 23808 23700 23664 23700 23640 23652 23748 23760 23832 23820 23832 23808 23616 23640 23664 23628 23652 23628 23640 23640 23640 23640 23652 23652 23640 23616 23640 23664 23664 23700 23700 23712 23700 23676 23748 23748 23748 23760 23928 23928 23988 23988 23988 24012 24060 24132 24180 24192 24216 24228 24180 24192 24204 24216 0 0 0 0 0 0 0 0 0 0 ]
[ 24840 24840 24828 24828 24840 24816 24816 24828 24864 24792 24804 24804 24816 24816 24828 24792 24816 24828 24840 24804 24864 24804 24840 24900 24900 24852 24948 24888 24828 24864 24852 24828 24900 24900 24972 24960 24948 24960 24828 24828 24852 24864 24864 24840 24864 24852 24900 24876 24864 24888 24876 24876 24912 24888 24924 24936 24960 24948 24924 24936 25020 25020 25020 25056 25140 25152 25224 25176 25212 25248 25260 25332 25404 25368 25416 25380 25332 25368 25416 25404 0 0 0 0 0 0 0 0 0 0 ]
[ 19488 19428 19404 19440 19392 19440 19404 19404 19416 19392 19428 19404 19440 19464 19428 19356 19404 19452 19416 19428 19464 19440 19416 19488 19572 19476 19524 19464 19428 19440 19428 19416 19524 19524 19572 19572 19608 19584 19440 19476 19428 19488 19440 19440 19452 19464 19464 19440 19476 19428 19452 19452 19488 19452 19488 19488 19500 19476 19488 19524 19560 19512 19524 19572 19668 19680 19668 19704 19716 19752 19764 19824 19800 19824 19848 19800 19800 19764 19824 19764 0 0 0 0 0 0 0 0 0 0 ]
[ 15024 15024 15012 14964 15036 15048 14976 15000 14988 14964 14952 14928 14988 15000 14928 14904 14988 14976 14952 15024 15000 14940 14916 14952 15036 15048 15024 14964 14988 14964 14928 14952 14976 14916 14988 15036 15060 15036 14964 15024 15012 15060 14988 14976 15024 15060 15060 15000 15024 15024 15048 15072 15072 14976 15036 15096 15096 15072 15060 15072 15096 15132 15048 15084 15168 15156 15192 15132 15192 15228 15180 15192 15252 15156 15276 15240 15240 15180 15336 15228 0 0 0 0 0 0 0 0 0 0 ]
];
sensors_y = [
[ 63700 63676 63664 63724 63688 63724 63724 63652 63700 63664 63724 63664 63700 63652 63724 63664 63676 63688 63664 63676 63676 63700 63640 63664 63712 63652 63712 63700 63688 63676 63688 63712 63700 63688 63688 63724 63688 63688 63664 63664 63688 63700 63724 63700 63712 63736 63712 63688 63700 63724 63712 63664 63736 63736 63712 63700 63748 63736 63724 63724 63796 63748 63724 63760 63760 63736 63748 63772 63748 63772 63796 63748 63748 63760 63760 63748 63772 63784 63796 63784 0 0 0 0 0 0 0 0 0 0 ]
[ 62632 62560 62596 62620 62584 62608 62608 62620 62608 62608 62620 62620 62620 62608 62596 62584 62632 62620 62608 62572 62584 62572 62560 62596 62596 62548 62596 62632 62572 62608 62572 62596 62596 62620 62572 62608 62548 62584 62620 62620 62620 62608 62680 62656 62656 62644 62620 62644 62632 62704 62668 62668 62656 62680 62668 62680 62704 62692 62716 62656 62692 62740 62716 62728 62764 62752 62752 62728 62740 62752 62764 62716 62740 62680 62752 62716 62740 62752 62776 62788 0 0 0 0 0 0 0 0 0 0 ]
[ 63280 63244 63244 63256 63256 63304 63268 63268 63232 63304 63292 63244 63232 63256 63292 63220 63268 63268 63280 63340 63220 63256 63256 63256 63244 63244 63220 63232 63292 63256 63268 63280 63196 63220 63196 63244 63184 63184 63208 63268 63268 63208 63208 63208 63196 63208 63184 63184 63232 63196 63196 63172 63160 63148 63160 63112 63124 63124 63112 63052 63112 63064 63028 63052 63004 62968 63028 62992 63004 62944 62956 62896 62956 62944 62944 62920 62980 62956 62992 62932 0 0 0 0 0 0 0 0 0 0 ]
[ 62860 62776 62788 62836 62740 62800 62800 62800 62764 62788 62848 62800 62764 62800 62752 62728 62764 62776 62800 62728 62776 62764 62764 62800 62764 62728 62776 62764 62764 62740 62752 62776 62752 62788 62740 62752 62764 62788 62716 62776 62812 62764 62836 62872 62848 62860 62836 62824 62872 62884 62872 62800 62920 62944 62860 62824 62920 62896 62908 62920 62944 62932 63016 62908 62908 62980 62968 62956 62968 62956 62908 62920 62992 62932 62908 62992 62992 63028 63040 62980 0 0 0 0 0 0 0 0 0 0 ]
];
house_keep = [
[ 38336 38336 38339 38336 38338 0 ]
[ 32650 32648 32649 32647 32648 0 ]
[ 38173 38172 38173 38169 38173 0 ]
[ 24362 24458 24555 24635 24739 0 ]
[ 24362 24458 24555 24635 24739 0 ]
];
config = [309 616 2 1 0 ]