sensors_x = [
[ 25020 25068 25092 25092 25152 25188 25236 25260 25284 25368 25452 25488 25500 25572 25608 25668 25704 25764 25812 25872 25944 25932 25992 26076 26112 26136 26196 26172 26220 26256 26292 26316 26352 26352 26340 26352 26340 26328 26328 26304 26316 26316 26292 26304 26244 26220 26220 26196 26160 26112 26088 26016 26064 26028 26052 26064 26028 26016 26016 25992 25992 26016 26028 25992 26004 26004 26004 26028 26040 26088 26136 26148 26196 26304 26316 26304 26340 26352 26328 26340 0 0 0 0 0 0 0 0 0 0 ]
[ 25740 25752 25752 25764 25776 25788 25812 25824 25872 25920 25920 25968 25944 26004 26016 26028 26064 26052 26088 26064 26100 26100 26124 26136 26112 26160 26160 26160 26160 26160 26184 26172 26160 26172 26160 26160 26172 26160 26172 26148 26160 26124 26124 26124 26076 26064 26064 26064 26052 26040 26040 25992 26016 26004 26004 26016 26016 25992 26004 26004 26004 25992 25980 25980 25980 25992 25992 25980 26016 26028 26040 26064 26088 26124 26136 26136 26172 26148 26172 26172 0 0 0 0 0 0 0 0 0 0 ]
[ 19752 19716 19740 19680 19728 19776 19728 19704 19800 19776 19764 19824 19824 19824 19884 19848 19872 19920 19872 19884 19956 19872 19968 19932 19944 19944 19944 19956 19908 19944 19908 19908 19872 19860 19872 19824 19800 19764 19764 19728 19752 19728 19704 19656 19680 19668 19656 19656 19608 19620 19632 19596 19572 19572 19572 19572 19608 19476 19620 19548 19584 19560 19572 19596 19584 19560 19608 19596 19608 19668 19644 19668 19644 19692 19740 19704 19740 19764 19800 19836 0 0 0 0 0 0 0 0 0 0 ]
[ 15588 15612 15540 15540 15588 15636 15648 15648 15600 15624 15648 15684 15660 15684 15732 15660 15708 15708 15648 15696 15768 15732 15732 15768 15756 15780 15732 15828 15816 15780 15888 15876 15780 15792 15816 15804 15792 15792 15876 15816 15864 15792 15780 15744 15780 15780 15744 15792 15708 15732 15684 15696 15612 15684 15696 15684 15696 15612 15708 15708 15576 15672 15672 15648 15660 15612 15696 15684 15672 15720 15756 15732 15720 15816 15912 15768 15828 15828 15816 15828 0 0 0 0 0 0 0 0 0 0 ]
];
sensors_y = [
[ 63772 63796 63796 63772 63832 63772 63796 63820 63772 63808 63820 63784 63772 63796 63760 63796 63808 63748 63772 63784 63808 63724 63760 63796 63784 63784 63820 63772 63772 63808 63844 63820 63808 63808 63724 63712 63676 63616 63592 63568 63532 63508 63436 63448 63388 63388 63364 63340 63304 63304 63280 63304 63232 63220 63268 63256 63244 63208 63208 63208 63208 63232 63220 63232 63244 63244 63268 63268 63304 63280 63352 63364 63388 63424 63484 63520 63580 63640 63664 63700 0 0 0 0 0 0 0 0 0 0 ]
[ 63172 63208 63196 63196 63232 63220 63244 63256 63280 63328 63280 63328 63304 63364 63328 63340 63352 63316 63352 63328 63340 63316 63316 63316 63304 63304 63304 63280 63256 63232 63232 63220 63184 63148 63088 63064 63052 63016 63004 62980 62944 62908 62860 62872 62812 62800 62800 62752 62764 62704 62680 62632 62656 62620 62620 62608 62632 62584 62620 62596 62596 62584 62596 62608 62596 62632 62632 62644 62656 62668 62728 62752 62776 62860 62896 62944 63004 63004 63064 63076 0 0 0 0 0 0 0 0 0 0 ]
[ 62944 62956 62980 62968 62992 62944 62968 62968 62920 62968 62956 62968 62968 62944 62932 63016 62992 62992 62968 62956 62956 62968 62956 62956 62920 62968 62944 62932 62932 62920 62932 62956 62968 62956 62920 62968 62992 63004 62980 62992 63028 63016 63004 63028 63040 62980 62992 63040 63040 63028 63040 63028 63052 63028 63028 63052 63040 63052 63004 63004 63040 63040 63052 63028 62992 63040 63040 63040 63016 63064 63028 63028 63028 63028 63028 62968 62980 63028 62920 62956 0 0 0 0 0 0 0 0 0 0 ]
[ 63028 63004 63004 63004 63004 62980 63016 62968 62944 62968 62944 62956 62908 62884 62872 62932 62860 62836 62848 62824 62848 62788 62812 62800 62764 62788 62740 62788 62752 62692 62680 62668 62596 62608 62524 62524 62488 62536 62500 62464 62488 62488 62380 62416 62404 62356 62368 62368 62452 62356 62356 62320 62308 62308 62272 62308 62320 62284 62284 62308 62308 62320 62296 62320 62308 62284 62320 62380 62320 62392 62428 62332 62392 62440 62536 62464 62476 62500 62536 62620 0 0 0 0 0 0 0 0 0 0 ]
];
house_keep = [
[ 38336 38336 38331 38339 38333 0 ]
[ 32650 32645 32647 32649 32646 0 ]
[ 38169 38171 38171 38170 38170 0 ]
[ 24836 24920 24997 25071 25145 0 ]
[ 24836 24920 24997 25071 25145 0 ]
];
config = [309 616 2 1 0 ]