sensors_x = [
[ 19296 19308 19296 19284 19296 19296 19296 19296 19296 19296 19320 19308 19308 19320 19320 19308 19296 19296 19296 19296 19296 19296 19296 19296 19296 19296 19296 19296 19296 19296 19296 19296 19296 19296 19296 19296 19296 19284 19260 19284 19272 19296 19272 19296 19272 19272 19296 19272 19272 19272 19272 19260 19248 19260 19272 19260 19248 19272 19260 19236 ]
[ 19380 19380 19380 19368 19380 19380 19380 19368 19380 19368 19380 19380 19380 19380 19368 19380 19380 19380 19380 19380 19380 19368 19368 19380 19380 19380 19368 19368 19368 19368 19368 19368 19368 19368 19368 19368 19368 19368 19368 19368 19368 19368 19368 19368 19380 19368 19368 19380 19368 19392 19392 19392 19380 19392 19404 19392 19392 19392 19380 19392 ]
[ 14148 14196 14160 14148 14172 14148 14160 14136 14184 14112 14148 14136 14136 14172 14160 14136 14136 14172 14160 14148 14148 14148 14136 14148 14148 14148 14148 14148 14148 14160 14160 14148 14148 14136 14148 14160 14172 14160 14172 14172 14160 14172 14160 14172 14160 14160 14172 14160 14148 14160 14148 14160 14148 14160 14160 14148 14148 14148 14160 14088 ]
[ 6816 6828 6828 6816 6828 6828 6816 6804 6816 6828 6816 6804 6804 6828 6828 6804 6816 6804 6804 6804 6804 6804 6804 6804 6804 6816 6804 6804 6804 6804 6816 6816 6816 6816 6816 6816 6804 6840 6888 6804 6876 6852 6840 6828 6828 6864 6828 6828 6864 6864 6840 6888 6864 6864 6864 6876 6864 6888 6900 6876 ]
];
sensors_y = [
[ 4080 4068 4080 4116 4080 4080 4080 4080 4080 4032 4068 4068 4068 4068 4056 4044 4080 4080 4080 4080 4080 4080 4080 4080 4080 4080 4080 4080 4080 4080 4080 4080 4080 4080 4080 4080 4080 4092 4116 4092 4104 4080 4104 4080 4128 4128 4080 4104 4104 4104 4140 4140 4152 4140 4128 4140 4152 4140 4140 4164 ]
[ 300 300 300 312 300 300 300 312 300 288 300 300 300 300 288 300 300 300 300 300 300 312 312 300 300 300 312 312 312 312 312 312 312 312 312 312 312 360 360 312 312 312 360 360 372 360 360 372 360 384 384 384 396 384 396 384 384 384 420 420 ]
[ 1332 1332 1296 1332 1332 1308 1296 1320 1320 1272 1308 1344 1320 1320 1296 1320 1320 1308 1344 1332 1332 1332 1320 1332 1332 1332 1332 1332 1332 1344 1344 1332 1332 1344 1332 1344 1356 1344 1356 1356 1368 1356 1368 1356 1368 1368 1356 1368 1380 1368 1380 1392 1380 1368 1368 1380 1380 1380 1392 1440 ]
[ 64000 63988 63988 64024 63988 63988 64000 64012 64000 63988 64000 64012 64012 63988 63988 64012 64012 64012 64012 64012 64012 64012 64012 64012 64012 64024 64012 64012 64012 64012 64024 64024 64024 64036 64048 64048 64036 64072 64096 64036 64108 64084 64072 64060 64084 64096 64060 64060 64144 64144 64096 64120 64144 64144 64144 64156 64144 64144 64156 64156 ]
];
house_keep = [
[ 38965 38962 38967 0 ]
[ 32657 32654 32654 0 ]
[ 38961 38961 38961 0 ]
[ 49946 50000 50045 0 ]
[ 49946 50000 50045 0 ]
];
config = [309 616 2 1 0 ]