sensors_x = [
[ 22980 22968 22956 22956 22944 22908 22896 22896 22872 22884 22872 22860 22752 25956 23112 23928 23220 23304 23328 23316 22980 22968 2928 2940 62356 62344 62356 62356 2940 2940 2940 2940 2940 2940 1272 1104 1716 1476 1440 1116 960 216 456 65332 65320 64600 64828 64756 64396 64228 63928 63616 63724 63148 62896 62920 62368 62272 62608 62308 62212 62332 62308 62356 62260 62272 62308 62356 62116 62284 62224 62008 62716 62224 62032 61888 62068 61744 61732 61540 61816 60832 59368 62464 61492 61816 61852 61168 61540 64468 61552 61768 62068 61912 61792 61660 62140 61936 61900 62236 61804 61960 61888 61912 61924 61924 61876 62092 61864 62092 61960 61996 61960 62032 62056 62008 62056 62716 62464 62440 ]
[ 23436 22968 22956 22956 22944 22908 22896 22896 22872 22884 22872 22860 24156 25956 23112 24072 23220 25932 23328 23316 22980 22968 2928 2940 62356 62344 62356 62680 63316 64120 62416 60148 59104 58912 58792 58792 58756 58684 58564 58384 58216 58036 57880 57724 57616 57808 56812 56560 56428 56416 56548 56476 56536 57064 57232 57172 57172 57124 56044 55744 55516 56848 56584 56284 55744 55696 55264 55564 54988 55912 55216 55288 55168 54748 54892 54844 54832 54892 54724 54628 54772 55660 56584 57880 54460 56248 54484 56104 54688 55840 54664 54496 56224 55552 55708 54628 54796 54808 54832 54820 54808 54868 54928 54988 55060 55108 55180 55180 55360 56140 54784 54760 54820 54820 54808 54796 54580 56008 55420 55588 ]
[ 25572 22968 22956 22956 22944 22908 22896 22896 22896 23148 23424 22860 24144 25956 23112 25548 23220 25884 23820 23316 22980 22968 2928 2940 62356 62344 62356 62356 2940 2940 2940 2676 2292 2796 2940 2940 2940 2940 2940 2880 2700 2460 2148 1716 1332 1452 768 480 192 65368 65068 64684 64360 64156 63496 63172 62992 62812 61564 61288 61228 62344 62296 62104 61672 61732 61552 62320 61912 62176 62176 62284 62356 62356 62356 62356 62356 62356 62356 62356 62356 62440 61192 60400 276 64000 57580 62356 61900 2940 264 59728 59896 60208 60520 60976 60604 60712 61096 61168 61972 61228 61288 61288 61384 61432 61372 61420 61372 60856 61948 61948 61996 61912 62008 61828 61996 61780 61852 61684 ]
[ 22980 22968 22956 22956 22944 22908 22896 22896 22872 22884 22872 22860 25200 25956 23112 24000 23220 25932 23328 23316 22980 22968 2928 2940 62356 62344 62356 64252 2940 2808 2412 2604 2940 2940 2940 2940 2940 2940 2940 2880 2604 2316 2196 1608 1248 1476 1044 840 432 192 65488 65032 64792 64552 63916 63808 63652 63304 62944 62860 62740 62812 62680 62572 62536 62404 62308 62368 62164 62404 62356 62356 62356 62356 62356 62356 62356 62356 62356 62356 62356 61840 62236 62368 62260 61960 62308 61804 62308 62764 62404 62008 62176 62092 61912 62188 62188 62188 62200 62104 62116 62140 62332 62200 62176 62236 62032 62320 62200 62488 62044 62164 62164 62236 62284 62128 62164 62500 62452 62416 ]
];
sensors_y = [
[ 1932 1920 1932 1932 1944 1908 1944 1920 1896 1908 1896 1908 2400 64948 1968 936 1812 2016 1992 2004 1908 1944 2928 2940 62356 62344 62356 62356 2940 2940 2940 2940 2940 2940 3288 3744 3444 2796 2184 2148 2208 1848 2184 2076 2400 3000 1812 2148 1860 1812 2232 2088 2124 2676 2424 2472 2544 2568 2616 2316 2292 2604 2724 2700 2772 2832 2892 2940 2700 2748 2808 2592 1956 2424 2088 1704 1716 1128 996 972 1200 1008 3168 1320 660 65104 372 912 65092 636 64432 64168 63832 64120 64144 63412 62836 62944 62812 62860 62644 62656 62608 62680 62572 62260 62284 62308 62296 62164 62200 62260 62200 62176 62416 62320 62392 61756 62680 62440 ]
[ 1476 1920 1932 1932 1944 1908 1944 1920 1896 1908 1896 1908 996 64948 1968 792 1812 64924 1992 2004 1908 1944 2928 2940 62356 62344 62356 54520 58420 55072 52912 53020 54808 56032 56560 57136 57388 57652 57700 57688 57592 57484 57376 57196 57088 57400 55564 55264 54940 54664 54364 53836 53488 53488 53728 53332 53068 52660 50428 49360 48676 51688 51568 51100 47872 47296 45736 51532 48940 48232 49144 49504 51040 51484 50788 50812 50800 50692 50596 50788 50572 48196 59392 60352 54220 51376 51124 50704 53584 52528 50368 50968 52912 53080 53188 50056 49756 49888 50008 50140 50080 49972 49912 49804 49732 49636 49540 49468 49384 49612 50056 50080 50020 50068 49984 49948 49852 48784 48868 48796 ]
[ 64876 1920 1932 1932 1944 1908 1944 1920 1872 1644 1344 1908 1008 64948 1968 64852 1812 64972 1500 2004 1908 1944 2928 2940 62356 62344 62356 62356 2940 2940 2940 1284 2004 2484 2940 2940 2940 2940 2940 2880 2700 2532 1956 1668 1620 2268 1656 1680 1656 1728 1788 1788 1848 2148 1992 2076 2160 2316 180 65056 64984 2352 2424 2472 1152 1404 1248 2856 2256 2496 2736 2868 2940 2940 2940 2940 2940 2940 2940 2940 2940 2760 1872 60400 64732 63448 61900 62356 1908 2940 65392 288 384 65248 64792 64312 62764 62776 62872 62920 62644 62524 62296 62176 62152 62032 62092 61996 61960 62848 62500 62476 62428 62344 62368 62476 62788 62308 62884 62932 ]
[ 1932 1920 1932 1932 1944 1908 1944 1920 1896 1908 1896 1908 65488 64948 1968 864 1812 64924 1992 2004 1908 1944 2928 2940 62356 62344 62356 7020 2940 2712 3108 2916 2940 2940 2940 2940 2940 2940 2940 2880 2796 2532 2004 2616 2808 3444 2868 2592 2640 2640 2712 2616 2808 3024 2772 2640 2844 2904 2856 2688 2532 2772 2712 2652 2736 2748 2892 2880 2940 2916 2940 2940 2940 2940 2940 2940 2940 2940 2940 2940 2940 2664 3228 2712 2676 1680 2292 2004 900 1188 516 1104 408 276 96 64852 64660 64468 64216 64288 63892 63892 63748 63544 63400 63364 63424 63208 63208 63016 63076 63196 63100 63100 63052 63184 63244 63028 63628 63628 ]
];
house_keep = [
[ 60212 44654 44650 44642 44641 44642 44653 0 ]
[ 44060 32643 32656 32656 32651 32650 32654 0 ]
[ 65535 65211 65206 65202 65196 65195 65190 0 ]
[ 32045 23941 24024 24133 24226 24367 24491 0 ]
[ 32045 23941 24024 24133 24226 24367 24491 0 ]
];
config = [309 616 2 1 0 ]