sensors_x = [
[ 18912 18912 18912 18888 18912 18900 18900 18888 18912 18924 18912 18912 18924 18912 18924 18924 18924 18924 18924 18924 18924 18912 18924 18924 18924 18912 18924 18912 18924 18912 18900 18924 18900 18912 18912 18924 18900 18912 18912 18888 18924 18888 18912 18888 18900 18912 18912 18924 18924 18888 18900 18924 18900 18900 18912 18912 18900 18900 18900 18888 18888 18888 18888 18888 18876 18888 18888 18888 18888 18900 18900 18888 18888 18924 18900 18912 18888 18900 18888 18888 18888 18888 18888 18888 18900 18900 18900 18888 18900 18888 18888 18888 18876 18888 18888 18888 18888 18888 18888 18888 18888 18888 18888 18888 18888 18888 18888 18888 18888 18888 18888 18888 18888 18888 18888 18924 18888 18888 18888 18888 ]
[ 19248 19248 19236 19236 19248 19236 19248 19248 19248 19248 19248 19236 19236 19248 19224 19212 19212 19212 19212 19212 19212 19212 19212 19212 19212 19200 19212 19200 19212 19212 19212 19212 19212 19212 19212 19212 19212 19212 19212 19200 19200 19200 19212 19224 19200 19200 19212 19200 19212 19212 19212 19200 19200 19212 19212 19212 19224 19200 19224 19212 19224 19200 19212 19200 19212 19224 19224 19224 19224 19200 19200 19224 19224 19212 19224 19212 19200 19224 19236 19212 19236 19236 19212 19224 19224 19188 19224 19236 19224 19236 19212 19236 19236 19236 19236 19236 19236 19236 19236 19236 19236 19236 19224 19236 19236 19224 19236 19236 19236 19236 19236 19236 19236 19236 19236 19200 19236 19236 19236 19236 ]
[ 13644 13644 13692 13644 13644 13656 13680 13680 13644 13680 13668 13668 13668 13692 13656 13656 13680 13656 13668 13656 13644 13644 13656 13656 13656 13656 13656 13656 13656 13656 13668 13656 13644 13656 13656 13656 13656 13656 13656 13656 13656 13656 13656 13644 13644 13656 13656 13656 13656 13656 13692 13644 13680 13656 13668 13668 13608 13656 13656 13620 13656 13656 13680 13656 13632 13608 13656 13656 13656 13656 13656 13668 13596 13644 13632 13644 13644 13608 13644 13608 13680 13620 13608 13668 13596 13560 13656 13572 13632 13620 13656 13668 13620 13596 13656 13620 13644 13656 13656 13596 13632 13668 13632 13608 13644 13596 13632 13596 13632 13632 13632 13620 13596 13596 13608 13644 13632 13632 13632 13596 ]
[ 6876 6876 6900 6900 6912 6900 6900 6876 6888 6888 6900 6900 6900 6900 6864 6828 6900 6900 6900 6900 6900 6900 6888 6900 6864 6888 6888 6900 6900 6888 6900 6900 6876 6888 6900 6912 6900 6888 6924 6912 6900 6900 6900 6852 6888 6900 6900 6912 6840 6900 6912 6852 6900 6900 6924 6900 6912 6888 6900 6948 6876 6924 6840 6900 6900 6876 6900 6900 6876 6864 6888 6900 6876 6876 6876 6900 6900 6852 6876 6924 6864 6864 6852 6864 6876 6840 6852 6864 6864 6924 6888 6900 6900 6876 6852 6864 6864 6948 6912 6876 6864 6900 6864 6876 6876 6876 6840 6888 6876 6876 6924 6888 6912 6900 6888 6864 6876 6876 6876 6876 ]
];
sensors_y = [
[ 5448 5424 5424 5448 5412 5460 5460 5448 5472 5484 5472 5472 5484 5472 5484 5484 5484 5484 5484 5484 5484 5472 5484 5484 5484 5496 5484 5496 5484 5496 5508 5484 5508 5496 5496 5496 5508 5496 5496 5520 5484 5520 5496 5520 5508 5496 5496 5484 5484 5520 5508 5484 5508 5508 5496 5496 5508 5508 5508 5520 5520 5520 5520 5520 5532 5520 5520 5520 5520 5508 5508 5520 5520 5484 5508 5496 5520 5508 5520 5520 5520 5520 5520 5520 5508 5508 5508 5520 5508 5520 5520 5520 5568 5520 5520 5520 5520 5520 5520 5520 5520 5520 5520 5520 5520 5520 5520 5520 5532 5520 5520 5520 5520 5520 5520 5484 5520 5520 5520 5520 ]
[ 1992 2016 2004 2004 1992 2004 2016 2016 2016 2016 2016 2028 2028 2028 2052 2052 2052 2052 2052 2052 2052 2052 2076 2088 2088 2088 2100 2088 2100 2100 2100 2100 2100 2100 2100 2100 2100 2100 2100 2088 2112 2112 2100 2136 2112 2112 2100 2088 2112 2124 2100 2112 2112 2124 2124 2124 2136 2112 2136 2124 2136 2112 2124 2112 2124 2136 2136 2136 2136 2112 2112 2136 2136 2100 2136 2124 2112 2136 2148 2124 2148 2148 2124 2136 2136 2100 2136 2148 2136 2148 2124 2148 2148 2148 2148 2148 2148 2148 2148 2148 2148 2148 2136 2148 2148 2136 2148 2148 2148 2148 2148 2148 2148 2148 2148 2112 2148 2148 2148 2148 ]
[ 2724 2748 2772 2772 2724 2736 2760 2760 2748 2760 2772 2772 2772 2772 2784 2784 2760 2760 2772 2784 2772 2772 2784 2784 2784 2784 2784 2784 2784 2784 2796 2784 2772 2784 2784 2784 2784 2784 2784 2784 2808 2784 2784 2796 2796 2784 2784 2784 2784 2784 2772 2772 2784 2784 2796 2796 2844 2784 2784 2820 2808 2784 2784 2784 2808 2832 2784 2784 2808 2784 2796 2796 2844 2772 2808 2796 2808 2808 2844 2784 2784 2820 2832 2796 2844 2808 2808 2844 2808 2832 2808 2832 2868 2844 2784 2820 2832 2784 2808 2844 2808 2796 2832 2844 2796 2844 2808 2844 2808 2820 2808 2856 2844 2844 2832 2784 2832 2808 2808 2844 ]
[ 64876 64876 64852 64852 64816 64852 64852 64876 64864 64864 64852 64852 64852 64852 64888 64900 64852 64852 64852 64852 64852 64852 64864 64852 64864 64864 64864 64852 64852 64864 64852 64852 64876 64864 64852 64864 64852 64840 64876 64864 64852 64864 64852 64900 64864 64852 64852 64840 64840 64852 64864 64876 64852 64852 64852 64852 64864 64864 64852 64900 64876 64876 64888 64852 64852 64876 64864 64852 64876 64888 64864 64852 64876 64876 64876 64852 64852 64900 64900 64924 64888 64912 64900 64912 64924 64888 64900 64912 64912 64900 64864 64900 64948 64924 64900 64912 64888 64900 64912 64924 64912 64936 64912 64924 64924 64924 64960 64936 64924 64924 64924 64936 64936 64948 64936 64912 64924 64924 64924 64924 ]
];
house_keep = [
[ 38988 38983 38988 38986 38987 38985 38987 0 ]
[ 32663 32664 32661 32661 32662 32661 32661 0 ]
[ 38973 38974 38971 38973 38973 38973 38971 0 ]
[ 48902 48981 49066 49133 49207 49275 49313 0 ]
[ 48902 48981 49066 49133 49207 49275 49313 0 ]
];
config = [309 616 2 1 0 ]