sensors_x = [
[ 19452 19032 18960 18960 18960 18984 18984 18984 18984 18984 18984 18984 18984 18984 18984 18984 18984 18972 18984 18984 18960 18960 18972 18972 18948 18960 18960 18936 18972 18948 18972 18948 18960 18936 18948 18948 18948 18948 18948 18936 18936 18948 18948 18948 18960 18948 18948 18948 18948 18948 18948 18948 18948 18948 18948 18948 18936 18948 18948 18948 18924 18948 18924 18936 18936 18948 18936 18948 18948 18948 18936 18936 18924 18924 18948 18900 18924 18948 18948 18936 18936 18936 18924 18948 18924 18948 18936 18948 18924 18936 18924 18936 18924 18924 18924 18924 18936 18936 18924 18948 18936 18924 18924 18936 18924 18924 18936 18936 18924 18924 18924 18924 18936 18924 18924 18936 18924 18924 18900 18924 ]
[ 17184 19320 19260 19272 19248 19260 19260 19236 19260 19260 19248 19260 19248 19248 19248 19248 19248 19248 19248 19248 19248 19248 19236 19236 19236 19236 19236 19260 19236 19236 19236 19236 19236 19236 19248 19236 19248 19248 19248 19248 19260 19248 19260 19248 19248 19248 19260 19260 19260 19248 19260 19260 19260 19260 19248 19260 19260 19260 19260 19260 19260 19260 19272 19248 19272 19260 19272 19272 19260 19272 19284 19272 19272 19272 19260 19248 19260 19260 19260 19260 19248 19260 19260 19260 19260 19260 19260 19260 19260 19260 19260 19248 19260 19248 19260 19248 19260 19248 19260 19248 19248 19260 19248 19248 19248 19248 19260 19236 19248 19248 19248 19248 19248 19236 19248 19260 19236 19236 19236 19248 ]
[ 11556 13512 13716 13728 13704 13692 13704 13680 13692 13704 13704 13692 13680 13680 13656 13668 13680 13704 13680 13680 13668 13680 13656 13668 13668 13668 13668 13632 13668 13668 13680 13668 13668 13668 13668 13668 13644 13656 13668 13644 13668 13668 13656 13644 13644 13644 13656 13632 13656 13644 13644 13644 13632 13632 13668 13632 13632 13632 13632 13644 13632 13632 13632 13632 13632 13668 13632 13632 13632 13632 13644 13632 13644 13632 13644 13620 13644 13644 13620 13632 13632 13632 13644 13632 13632 13620 13608 13620 13620 13632 13632 13620 13632 13620 13620 13632 13620 13608 13632 13632 13632 13632 13632 13644 13620 13620 13620 13620 13608 13620 13620 13620 13608 13608 13608 13620 13620 13620 13608 13620 ]
[ 5520 6648 6840 6912 6888 6888 6912 6864 6876 6912 6900 6900 6876 6888 6864 6900 6912 6924 6864 6900 6900 6876 6936 6900 6888 6900 6900 6876 6900 6864 6888 6900 6888 6900 6888 6852 6876 6900 6900 6864 6852 6900 6876 6900 6888 6888 6888 6888 6900 6864 6900 6864 6888 6876 6876 6888 6900 6888 6864 6900 6888 6888 6840 6864 6888 6888 6852 6888 6852 6840 6804 6888 6864 6864 6852 6876 6888 6900 6852 6864 6864 6852 6852 6888 6864 6900 6852 6888 6852 6852 6900 6852 6852 6876 6852 6864 6864 6852 6852 6900 6876 6864 6888 6924 6876 6852 6852 6876 6864 6864 6852 6852 6864 6876 6876 6876 6936 6864 6852 6888 ]
];
sensors_y = [
[ 3132 5040 5160 5184 5184 5208 5208 5208 5208 5208 5208 5208 5208 5208 5208 5208 5208 5220 5208 5208 5244 5232 5220 5244 5256 5256 5256 5280 5244 5244 5232 5244 5256 5256 5268 5268 5268 5268 5268 5304 5256 5268 5268 5268 5256 5268 5268 5268 5268 5268 5268 5268 5268 5268 5268 5268 5304 5268 5268 5268 5292 5268 5292 5304 5304 5244 5304 5268 5268 5268 5304 5304 5292 5292 5268 5340 5316 5268 5268 5280 5256 5304 5292 5280 5292 5268 5304 5268 5292 5304 5292 5304 5292 5292 5292 5292 5304 5304 5292 5268 5304 5292 5292 5304 5292 5292 5304 5304 5316 5316 5292 5292 5304 5292 5316 5304 5292 5292 5340 5316 ]
[ 64648 1272 1668 1752 1776 1788 1800 1836 1824 1836 1824 1836 1848 1848 1848 1848 1848 1848 1848 1848 1860 1848 1860 1860 1860 1860 1860 1908 1860 1860 1860 1860 1860 1860 1872 1860 1872 1872 1872 1920 1884 1872 1884 1896 1872 1896 1908 1908 1908 1872 1908 1908 1908 1908 1896 1908 1908 1908 1908 1908 1908 1908 1944 1920 1944 1908 1944 1944 1956 1944 1932 1944 1944 1944 1956 1968 1956 1956 1956 1956 1920 1956 1956 1956 1956 1956 1956 1956 1956 1956 1956 1968 1956 1968 1956 1968 1956 1968 1956 1920 1968 1956 1968 1968 1968 1968 1956 1980 1968 1968 1968 1968 1968 1980 1968 1956 1980 1980 1980 1968 ]
[ 564 2016 2460 2544 2592 2604 2616 2628 2628 2616 2616 2628 2640 2640 2640 2604 2640 2640 2640 2640 2652 2640 2664 2652 2652 2652 2652 2688 2664 2652 2652 2652 2652 2652 2652 2652 2688 2664 2652 2676 2652 2664 2664 2676 2676 2676 2664 2688 2664 2676 2676 2676 2688 2688 2652 2688 2688 2688 2688 2676 2688 2688 2688 2688 2688 2652 2688 2688 2688 2688 2676 2688 2676 2688 2676 2700 2676 2676 2700 2688 2688 2688 2676 2688 2688 2700 2712 2700 2700 2688 2688 2700 2688 2700 2712 2688 2700 2712 2688 2688 2688 2688 2688 2676 2700 2700 2700 2700 2712 2700 2700 2700 2712 2712 2712 2700 2700 2700 2712 2700 ]
[ 64528 64744 64768 64792 64816 64816 64840 64888 64876 64864 64852 64852 64780 64864 64864 64852 64840 64852 64840 64852 64852 64876 64816 64852 64864 64852 64852 64876 64852 64888 64864 64852 64864 64852 64864 64900 64876 64852 64864 64900 64900 64852 64876 64852 64876 64864 64864 64864 64864 64864 64852 64888 64864 64876 64876 64864 64864 64864 64888 64852 64864 64864 64888 64900 64864 64864 64900 64864 64900 64888 64828 64864 64888 64912 64900 64924 64864 64852 64900 64888 64888 64900 64900 64864 64888 64852 64900 64912 64900 64900 64852 64900 64900 64924 64900 64912 64900 64900 64900 64852 64876 64888 64864 64900 64900 64900 64900 64900 64912 64912 64900 64900 64912 64924 64924 64924 64912 64912 64900 64936 ]
];
house_keep = [
[ 38981 38983 38986 38985 38980 38980 38978 0 ]
[ 32658 32660 32657 32659 32653 32660 32654 0 ]
[ 38968 38970 38967 38970 38967 38970 38965 0 ]
[ 49370 49429 49486 49551 49603 49662 49700 0 ]
[ 49370 49429 49486 49551 49603 49662 49700 0 ]
];
config = [309 616 2 1 0 ]