sensors_x = [
[ 19440 19020 18960 18984 18984 18984 18984 18984 18972 18948 18972 18972 18948 18984 18936 18972 18948 18948 18948 18960 18948 18948 18924 18924 18948 18960 18960 18948 18924 18948 18936 18948 18936 18924 18924 18948 18924 18936 18924 18924 18936 18924 18924 18924 18924 18924 18936 18924 18924 18924 18924 18936 18924 18924 18912 18936 18912 18900 18912 18924 18924 18912 18924 18924 18900 18936 18912 18912 18900 18900 18912 18924 18912 18924 18900 18912 18912 18912 18900 18912 18912 18924 18900 18900 18900 18912 18912 18900 18900 18912 18900 18912 18900 18900 18900 18888 18900 18912 18900 18900 18936 18912 18900 18900 18912 18912 18900 18900 18900 18912 18900 18912 18888 18912 18912 18900 18924 18912 18900 18900 ]
[ 17184 19308 19272 19260 19260 19248 19236 19248 19236 19248 19248 19248 19260 19260 19272 19260 19272 19260 19260 19272 19260 19260 19260 19236 19260 19260 19260 19260 19260 19260 19260 19248 19248 19248 19260 19236 19248 19248 19248 19236 19248 19236 19248 19248 19236 19236 19248 19236 19236 19236 19236 19248 19236 19248 19224 19248 19224 19236 19224 19236 19248 19224 19224 19224 19236 19236 19236 19224 19224 19224 19224 19224 19224 19224 19224 19224 19224 19224 19224 19224 19224 19224 19224 19224 19224 19224 19224 19224 19224 19224 19224 19224 19224 19224 19224 19224 19224 19224 19224 19224 19224 19224 19224 19224 19224 19224 19224 19224 19224 19224 19224 19224 19224 19224 19224 19224 19224 19224 19224 19224 ]
[ 11532 13500 13704 13692 13680 13608 13632 13668 13632 13632 13644 13632 13632 13632 13632 13632 13632 13632 13632 13632 13632 13620 13620 13608 13620 13632 13632 13608 13608 13620 13620 13608 13608 13608 13608 13608 13608 13608 13608 13608 13608 13608 13608 13608 13608 13608 13620 13608 13620 13608 13620 13608 13620 13608 13632 13620 13620 13620 13620 13620 13620 13620 13620 13620 13608 13608 13620 13620 13632 13620 13620 13620 13620 13608 13608 13620 13620 13608 13620 13632 13572 13596 13608 13608 13632 13620 13620 13608 13608 13620 13632 13620 13608 13596 13608 13608 13608 13620 13620 13620 13620 13620 13620 13608 13620 13620 13620 13620 13620 13608 13620 13620 13620 13632 13608 13620 13620 13608 13632 13620 ]
[ 5508 6636 6840 6888 6864 6840 6864 6936 6888 6864 6852 6864 6924 6924 6912 6852 6924 6876 6864 6876 6852 6864 6900 6876 6840 6864 6852 6876 6888 6852 6852 6888 6852 6876 6900 6912 6852 6852 6852 6852 6852 6852 6852 6912 6888 6852 6864 6876 6852 6876 6864 6888 6852 6876 6876 6864 6876 6912 6864 6852 6888 6864 6840 6864 6900 6852 6852 6876 6852 6852 6840 6852 6864 6852 6852 6852 6852 6864 6852 6936 6828 6852 6876 6852 6864 6852 6864 6888 6888 6852 6876 6888 6864 6852 6876 6876 6864 6864 6852 6876 6852 6912 6852 6864 6852 6864 6852 6876 6876 6876 6924 6888 6864 6924 6900 6852 6864 6852 6924 6900 ]
];
sensors_y = [
[ 3144 5052 5184 5208 5208 5208 5208 5208 5220 5280 5220 5244 5268 5232 5280 5244 5280 5268 5268 5256 5268 5268 5292 5292 5268 5256 5256 5268 5292 5280 5304 5268 5304 5292 5292 5268 5292 5280 5292 5316 5304 5316 5316 5316 5316 5316 5304 5316 5292 5316 5316 5304 5316 5316 5340 5304 5328 5340 5328 5328 5292 5328 5316 5316 5316 5304 5340 5352 5340 5340 5352 5316 5352 5340 5340 5352 5328 5328 5316 5352 5328 5316 5340 5340 5340 5328 5352 5340 5340 5328 5340 5328 5340 5340 5340 5328 5340 5328 5340 5340 5304 5352 5340 5340 5328 5328 5340 5340 5340 5304 5340 5328 5328 5328 5328 5340 5316 5352 5340 5340 ]
[ 64672 1284 1728 1812 1836 1848 1860 1848 1860 1872 1872 1872 1908 1908 1920 1908 1920 1908 1956 1920 1956 1956 1956 1980 1956 1908 1956 1956 1956 1956 1956 1968 1968 1968 1956 1980 1968 1968 1968 1980 1968 1980 1980 1980 1980 1980 1992 1980 1980 1980 2004 1992 2004 1992 2016 1992 2016 2004 2016 2004 1992 2016 2016 2016 1980 1980 2004 2016 2016 2016 2016 2016 2016 2016 2016 2016 2016 2016 2016 2016 2016 1992 2016 2016 2016 2016 2016 2016 2016 2016 2016 2016 2016 2016 2016 2016 2016 2016 2016 2016 2016 2016 2016 2016 2016 2016 2016 2016 2016 2016 2016 1992 2016 2016 2016 2016 1992 2016 2016 2016 ]
[ 564 2052 2472 2628 2640 2664 2688 2676 2688 2688 2676 2688 2688 2688 2688 2688 2688 2688 2688 2700 2688 2700 2700 2712 2700 2688 2700 2712 2712 2700 2712 2712 2712 2712 2712 2712 2712 2712 2712 2712 2712 2712 2712 2712 2712 2712 2724 2736 2724 2712 2724 2712 2748 2712 2736 2724 2748 2748 2748 2748 2748 2724 2748 2748 2712 2712 2724 2748 2748 2748 2748 2748 2724 2736 2736 2748 2748 2712 2748 2760 2772 2724 2712 2736 2736 2748 2724 2712 2712 2724 2736 2724 2724 2724 2712 2736 2736 2748 2724 2748 2748 2748 2748 2736 2748 2748 2748 2748 2748 2712 2748 2700 2748 2760 2712 2748 2724 2712 2760 2748 ]
[ 64564 64756 64792 64864 64864 64888 64912 64864 64888 64912 64900 64912 64924 64924 64948 64900 64876 64924 64912 64924 64900 64912 64900 64924 64912 64888 64900 64924 64888 64900 64900 64864 64900 64876 64852 64912 64900 64900 64900 64900 64900 64900 64900 64864 64864 64900 64900 64924 64900 64876 64888 64864 64900 64876 64900 64888 64876 64864 64912 64900 64864 64900 64888 64888 64852 64900 64900 64912 64900 64900 64888 64900 64888 64900 64900 64900 64900 64888 64900 64912 64900 64888 64924 64900 64912 64900 64888 64876 64864 64900 64888 64864 64888 64900 64900 64888 64900 64912 64900 64876 64900 64864 64900 64888 64900 64912 64900 64924 64924 64900 64924 64888 64912 64900 64876 64900 64888 64900 64924 64924 ]
];
house_keep = [
[ 38978 38980 38981 38981 38981 38980 38977 0 ]
[ 32654 32658 32657 32653 32653 32653 32656 0 ]
[ 38965 38967 38970 38969 38969 38970 38966 0 ]
[ 49693 49741 49794 49833 49874 49918 49941 0 ]
[ 49693 49741 49794 49833 49874 49918 49941 0 ]
];
config = [309 616 2 1 0 ]