sensors_x = [
[ 19416 18984 18924 18924 18912 18900 18900 18900 18912 18912 18912 18900 18900 18900 18912 18912 18900 18900 18888 18900 18912 18912 18924 18912 18912 18924 18924 18936 18936 18924 18924 18924 18924 18924 18912 18912 18924 18900 18912 18924 18912 18924 18900 18912 18924 18924 18924 18924 18912 18924 18948 18900 18924 18912 18936 18924 18912 18924 18912 18924 18912 18900 18912 18912 18924 18912 18912 18900 18888 18912 18912 18912 18912 18924 18912 18912 18912 18900 18900 18900 18912 18912 18912 18912 18900 18888 18888 18912 18888 18900 18900 18888 18900 18888 18912 18888 18900 18888 18888 18900 18900 18888 18900 18888 18900 18888 18900 18900 18900 18900 18900 18900 18900 18900 18900 18900 18900 18900 18900 18900 ]
[ 17172 19272 19248 19224 19212 19212 19212 19200 19212 19200 19212 19224 19212 19224 19212 19212 19212 19212 19200 19212 19212 19212 19212 19212 19212 19212 19200 19200 19188 19200 19200 19200 19188 19188 19188 19200 19188 19212 19188 19200 19200 19200 19188 19188 19188 19200 19200 19188 19188 19188 19188 19200 19200 19200 19188 19200 19200 19200 19200 19200 19200 19200 19200 19200 19200 19200 19200 19188 19200 19188 19188 19200 19188 19200 19188 19200 19188 19200 19200 19200 19200 19200 19188 19200 19188 19188 19200 19200 19188 19200 19200 19188 19188 19188 19188 19200 19188 19188 19200 19200 19200 19188 19200 19200 19200 19200 19188 19200 19188 19188 19188 19188 19200 19188 19188 19200 19188 19200 19200 19188 ]
[ 11532 13464 13644 13620 13620 13620 13608 13608 13608 13608 13608 13584 13608 13620 13608 13608 13608 13608 13572 13584 13620 13584 13584 13596 13572 13608 13572 13620 13572 13572 13596 13584 13596 13596 13572 13596 13572 13572 13584 13572 13572 13572 13560 13560 13560 13596 13560 13584 13572 13572 13560 13560 13584 13548 13560 13596 13536 13548 13536 13548 13572 13584 13608 13572 13548 13548 13548 13548 13608 13548 13560 13560 13560 13572 13560 13548 13548 13548 13548 13536 13548 13548 13560 13560 13548 13560 13596 13536 13572 13572 13560 13548 13560 13548 13572 13548 13536 13560 13536 13560 13548 13536 13560 13584 13548 13572 13584 13548 13548 13536 13536 13536 13548 13548 13572 13548 13548 13536 13536 13548 ]
[ 5496 6600 6792 6852 6840 6852 6852 6852 6864 6864 6876 6876 6876 6876 6876 6864 6876 6840 6852 6864 6876 6864 6864 6876 6876 6864 6876 6864 6768 6864 6864 6876 6876 6816 6840 6876 6876 6852 6864 6864 6864 6876 6864 6840 6864 6876 6876 6876 6876 6864 6828 6852 6864 6876 6876 6876 6876 6828 6864 6876 6888 6876 6864 6852 6864 6888 6888 6876 6888 6864 6864 6876 6900 6864 6840 6864 6852 6876 6876 6876 6864 6840 6852 6864 6840 6864 6876 6876 6876 6840 6864 6840 6852 6864 6864 6852 6852 6864 6840 6852 6888 6876 6852 6864 6876 6852 6876 6840 6840 6864 6864 6864 6852 6852 6864 6864 6852 6888 6888 6876 ]
];
sensors_y = [
[ 3336 5208 5340 5364 5376 5388 5388 5388 5400 5400 5400 5412 5412 5412 5424 5424 5412 5388 5400 5412 5424 5472 5436 5424 5436 5436 5436 5448 5448 5460 5436 5460 5460 5460 5472 5496 5460 5412 5496 5484 5496 5460 5460 5496 5496 5484 5484 5484 5496 5436 5460 5484 5484 5496 5448 5496 5496 5484 5496 5484 5496 5484 5496 5496 5496 5496 5496 5460 5472 5496 5496 5496 5496 5436 5496 5496 5496 5484 5484 5484 5496 5496 5496 5496 5508 5472 5472 5496 5472 5484 5508 5472 5484 5472 5496 5472 5484 5472 5472 5484 5484 5472 5508 5472 5460 5472 5484 5460 5460 5484 5508 5484 5412 5412 5412 5484 5508 5508 5508 5484 ]
[ 64828 1512 1968 2016 2028 2028 2028 2064 2076 2088 2112 2136 2124 2136 2148 2148 2148 2124 2136 2148 2148 2148 2148 2148 2160 2160 2160 2160 2172 2160 2160 2172 2172 2172 2172 2184 2172 2148 2172 2184 2184 2184 2172 2196 2172 2184 2184 2172 2172 2172 2172 2184 2184 2184 2172 2184 2184 2184 2184 2184 2184 2184 2184 2184 2184 2184 2184 2172 2184 2196 2196 2184 2196 2184 2196 2184 2196 2184 2184 2184 2184 2184 2196 2184 2196 2196 2184 2184 2196 2184 2184 2196 2196 2196 2196 2196 2196 2208 2184 2208 2184 2196 2184 2184 2184 2184 2172 2184 2196 2196 2196 2220 2184 2196 2172 2184 2196 2184 2184 2196 ]
[ 660 2160 2604 2724 2748 2748 2760 2760 2760 2760 2760 2760 2760 2772 2760 2784 2784 2760 2772 2760 2796 2784 2796 2772 2796 2784 2796 2820 2796 2796 2820 2808 2796 2796 2796 2820 2796 2772 2808 2796 2796 2796 2808 2844 2808 2820 2844 2808 2796 2796 2808 2832 2808 2844 2832 2832 2856 2820 2832 2844 2820 2820 2832 2868 2868 2820 2844 2844 2844 2820 2832 2844 2856 2868 2856 2868 2868 2868 2868 2832 2844 2844 2856 2808 2820 2808 2844 2832 2868 2844 2856 2844 2856 2844 2868 2868 2832 2844 2832 2856 2844 2832 2808 2856 2820 2868 2808 2820 2844 2856 2856 2856 2844 2868 2796 2844 2844 2856 2832 2844 ]
[ 64576 64768 64840 64900 64888 64900 64900 64900 64912 64912 64924 64924 64924 64924 64924 64912 64924 64888 64924 64912 64924 64912 64912 64924 64924 64912 64924 64912 64864 64912 64912 64924 64924 64912 64912 64924 64924 64900 64912 64912 64912 64924 64912 64972 64912 64924 64924 64924 64924 64912 64948 64936 64912 64924 64924 64924 64924 64948 64912 64924 64936 64924 64912 64924 64936 64936 64936 64924 64936 64960 64936 64924 64948 64912 64936 64960 64924 64924 64924 64924 64960 64936 64948 64960 64936 64912 64924 64924 64924 64936 64960 64936 64948 64960 64936 64960 64948 64936 64936 64924 64960 64924 64948 64960 64948 64948 64924 64960 64960 64960 64960 64960 64948 64948 64912 64960 64972 64936 64936 64924 ]
];
house_keep = [
[ 38970 38964 38965 38970 38970 38962 38962 0 ]
[ 32666 32668 32663 32665 32665 32664 32661 0 ]
[ 38961 38960 38957 38958 38960 38958 38957 0 ]
[ 48738 48832 48910 48985 49061 49130 49202 0 ]
[ 48738 48832 48910 48985 49061 49130 49202 0 ]
];
config = [309 616 2 1 0 ]