sensors_x = [
[ 19056 18936 18924 18924 18912 18924 18924 18912 18924 18936 18912 18924 18936 18924 18936 18924 18924 18924 18924 18924 18924 18936 18936 18912 18936 18936 18924 18912 18912 18912 18912 18912 18912 18912 18912 18912 18912 18912 18912 18912 18912 18912 18912 18912 18912 18912 18912 18912 18900 18912 18912 18900 18900 18912 18900 18912 18900 18900 18900 18900 18912 18900 18912 18912 18900 18900 18924 18900 18900 18900 18900 18900 18900 18900 18900 18900 18900 18900 18900 18900 18900 18900 18900 18900 18900 18900 18900 18900 18900 18888 18888 18900 18900 18900 18900 18900 18888 18900 18900 18900 18900 18900 18900 18900 18888 18900 18900 18900 18900 18888 18912 18888 18900 18900 18900 18912 18876 18864 18900 18888 ]
[ 19320 19200 19248 19212 19224 19188 19188 19212 19200 19224 19224 19236 19224 19224 19224 19224 19224 19224 19224 19224 19224 19212 19212 19212 19212 19212 19212 19212 19212 19212 19212 19212 19212 19224 19212 19212 19200 19212 19212 19212 19200 19188 19212 19188 19176 19200 19188 19188 19188 19200 19188 19188 19176 19188 19188 19188 19188 19188 19176 19188 19188 19176 19188 19176 19176 19176 19212 19188 19188 19188 19176 19188 19176 19176 19188 19176 19188 19176 19188 19176 19176 19176 19176 19176 19176 19176 19188 19200 19176 19176 19176 19176 19188 19188 19176 19176 19176 19176 19176 19176 19176 19176 19188 19176 19176 19176 19188 19176 19188 19176 19188 19176 19176 19176 19176 19176 19176 19176 19176 19176 ]
[ 13140 13656 13668 13620 13668 13620 13596 13608 13620 13620 13608 13620 13608 13632 13608 13608 13608 13620 13608 13620 13620 13608 13608 13608 13632 13608 13596 13608 13620 13596 13620 13608 13620 13620 13620 13608 13572 13596 13608 13608 13620 13596 13596 13608 13584 13596 13596 13596 13596 13596 13596 13632 13608 13584 13596 13596 13596 13644 13596 13620 13608 13584 13596 13608 13608 13572 13608 13620 13608 13632 13584 13596 13596 13560 13572 13644 13608 13584 13596 13596 13596 13632 13608 13608 13584 13584 13584 13572 13584 13620 13584 13632 13632 13596 13596 13608 13608 13632 13572 13584 13596 13620 13584 13608 13572 13584 13596 13596 13584 13608 13620 13560 13596 13584 13572 13584 13572 13572 13584 13572 ]
[ 6384 6768 6852 6864 6900 6888 6852 6852 6924 6888 6864 6852 6852 6852 6852 6852 6864 6852 6864 6888 6864 6852 6852 6864 6912 6876 6852 6864 6900 6864 6888 6864 6864 6852 6840 6852 6804 6852 6876 6876 6864 6828 6864 6864 6828 6840 6840 6840 6828 6888 6840 6912 6888 6864 6864 6852 6888 6852 6852 6852 6852 6840 6852 6852 6876 6840 6912 6864 6864 6900 6852 6852 6864 6804 6852 6852 6840 6840 6840 6852 6840 6840 6840 6852 6840 6852 6840 6828 6840 6876 6864 6840 6840 6840 6852 6852 6864 6852 6840 6864 6852 6852 6840 6852 6852 6852 6852 6864 6840 6864 6840 6864 6876 6852 6876 6864 6864 6864 6852 6864 ]
];
sensors_y = [
[ 4944 5328 5364 5388 5496 5388 5388 5400 5424 5448 5448 5460 5448 5436 5460 5460 5460 5460 5472 5460 5460 5472 5472 5496 5472 5472 5484 5496 5496 5496 5496 5496 5496 5496 5496 5496 5496 5496 5496 5496 5496 5496 5496 5496 5496 5496 5496 5496 5508 5496 5496 5508 5508 5508 5508 5496 5508 5508 5508 5508 5496 5508 5496 5496 5508 5508 5484 5508 5508 5508 5508 5508 5508 5508 5508 5508 5508 5508 5508 5508 5508 5508 5508 5508 5508 5508 5508 5508 5508 5520 5520 5508 5508 5508 5508 5508 5520 5508 5508 5508 5508 5508 5508 5508 5520 5508 5508 5508 5508 5520 5496 5520 5508 5508 5508 5496 5532 5544 5508 5520 ]
[ 912 1872 1992 2028 2136 2052 2052 2076 2064 2112 2112 2124 2136 2136 2136 2136 2136 2136 2136 2136 2136 2148 2148 2148 2148 2148 2148 2148 2148 2148 2172 2172 2172 2160 2172 2172 2160 2172 2172 2172 2184 2196 2184 2196 2208 2184 2196 2196 2196 2184 2196 2196 2208 2196 2196 2196 2196 2196 2208 2196 2196 2208 2196 2208 2208 2208 2172 2196 2196 2196 2208 2196 2208 2208 2196 2208 2208 2208 2196 2208 2208 2208 2208 2208 2208 2208 2208 2184 2208 2208 2208 2208 2196 2196 2208 2208 2208 2208 2208 2208 2208 2208 2196 2208 2208 2208 2208 2208 2196 2208 2196 2208 2208 2208 2208 2208 2208 2208 2208 2208 ]
[ 1692 2448 2628 2724 2772 2724 2724 2736 2724 2748 2736 2748 2748 2760 2760 2736 2760 2748 2760 2748 2748 2760 2760 2760 2760 2760 2748 2760 2772 2748 2772 2760 2772 2772 2772 2760 2748 2748 2760 2760 2772 2748 2748 2760 2784 2748 2748 2748 2748 2748 2760 2808 2784 2760 2748 2772 2748 2796 2772 2784 2784 2760 2772 2784 2784 2856 2760 2796 2784 2784 2760 2772 2772 2760 2772 2808 2784 2784 2772 2772 2796 2808 2796 2808 2784 2784 2784 2772 2760 2820 2832 2820 2808 2772 2772 2808 2784 2820 2796 2796 2796 2820 2784 2808 2796 2784 2796 2820 2784 2784 2796 2784 2796 2784 2796 2784 2796 2796 2796 2796 ]
[ 64576 64720 64756 64768 64852 64768 64756 64756 64828 64792 64768 64756 64780 64780 64756 64780 64768 64756 64768 64768 64768 64780 64780 64792 64816 64804 64780 64792 64804 64792 64828 64816 64792 64804 64816 64852 64828 64780 64804 64804 64864 64828 64840 64864 64828 64840 64816 64840 64828 64864 64816 64840 64864 64864 64864 64876 64864 64852 64876 64876 64876 64888 64900 64876 64852 64888 64816 64888 64888 64852 64876 64876 64888 64876 64876 64876 64888 64888 64888 64900 64888 64888 64888 64900 64888 64900 64888 64900 64888 64924 64912 64888 64888 64888 64900 64900 64912 64900 64888 64912 64900 64900 64888 64900 64900 64900 64900 64912 64888 64912 64888 64912 64924 64900 64924 64912 64912 64912 64900 64912 ]
];
house_keep = [
[ 38970 38973 38971 38970 38969 38962 38967 0 ]
[ 32674 32674 32672 32671 32671 32669 32668 0 ]
[ 38964 38965 38963 38965 38962 38961 38964 0 ]
[ 47951 48061 48174 48277 48385 48471 48577 0 ]
[ 47951 48061 48174 48277 48385 48471 48577 0 ]
];
config = [309 616 2 1 0 ]