sensors_x = [
[ 19428 18984 18912 18912 18912 18888 18900 18912 18888 18888 18888 18900 18900 18888 18900 18912 18888 18912 18888 18900 18900 18888 18900 18888 18924 18912 18912 18924 18888 18888 18900 18900 18888 18900 18900 18912 18912 18888 18924 18924 18924 18888 18888 18852 18912 18864 18888 18888 18900 18900 18888 18924 18900 18900 18900 18900 18888 18888 18900 18900 18924 18900 18900 18912 18924 18912 18900 18900 18900 18912 18900 18912 18912 18888 18912 18912 18900 18900 18900 18912 18900 18912 18912 18900 18912 18888 18912 18900 18912 18912 18900 18912 18912 18912 18924 18912 18912 18900 18888 18912 18912 18912 18924 18900 18900 18912 18924 18888 18900 18900 18900 18924 18912 18924 18900 18912 18912 18888 18888 18912 ]
[ 17172 19248 19224 19188 19200 19212 19224 19236 19236 19236 19224 19224 19212 19224 19200 19200 19188 19188 19200 19212 19188 19188 19224 19188 19200 19188 19188 19164 19188 19176 19164 19176 19176 19176 19212 19176 19176 19212 19188 19164 19164 19152 19200 19176 19188 19176 19176 19188 19188 19176 19176 19164 19164 19176 19200 19176 19164 19164 19164 19164 19164 19164 19164 19164 19164 19164 19188 19164 19164 19164 19164 19164 19164 19164 19164 19164 19164 19152 19164 19164 19164 19164 19164 19164 19164 19176 19164 19164 19176 19164 19152 19176 19164 19164 19176 19176 19176 19176 19176 19176 19164 19176 19176 19176 19176 19176 19176 19176 19188 19176 19176 19176 19176 19176 19176 19176 19164 19164 19188 19176 ]
[ 11544 13464 13632 13608 13584 13572 13572 13572 13572 13572 13548 13548 13548 13560 13536 13536 13536 13536 13536 13524 13536 13536 13500 13536 13560 13524 13572 13548 13572 13548 13536 13536 13536 13536 13512 13536 13560 13560 13620 13572 13524 13572 13500 13560 13572 13536 13548 13548 13536 13560 13548 13536 13536 13536 13548 13536 13536 13572 13548 13524 13536 13536 13536 13524 13536 13548 13548 13548 13560 13536 13536 13536 13536 13536 13536 13536 13536 13548 13548 13536 13560 13536 13548 13536 13536 13572 13560 13548 13548 13560 13548 13560 13548 13536 13548 13560 13548 13560 13548 13548 13548 13548 13548 13536 13548 13560 13512 13524 13548 13548 13548 13536 13548 13536 13536 13536 13536 13536 13548 13536 ]
[ 5532 6672 6804 6816 6816 6852 6852 6852 6852 6876 6840 6888 6852 6864 6852 6876 6864 6888 6888 6840 6840 6852 6864 6876 6888 6900 6888 6852 6804 6888 6900 6900 6876 6900 6864 6924 6888 6876 6876 6804 6876 6876 3876 6804 11448 7308 6804 6768 6780 6804 6804 6804 6816 6804 6828 6828 6840 6828 6828 6828 6828 6828 6816 6780 6792 6816 6804 6804 6828 6816 6828 6828 6828 6840 6840 6852 6828 6804 6804 6816 6852 6804 6852 6876 6852 6852 6864 6864 6852 6852 6840 6852 6852 6852 6852 6852 6852 6876 6864 6852 6852 6852 6876 6852 6876 6888 6828 6804 6864 6840 6888 6876 6900 6864 6852 6888 6852 6840 6876 6876 ]
];
sensors_y = [
[ 3300 5208 5352 5352 5352 5400 5388 5376 5400 5448 5424 5436 5412 5400 5412 5472 5448 5472 5448 5412 5436 5448 5412 5424 5484 5400 5496 5496 5520 5448 5412 5412 5448 5412 5412 5496 5472 5400 5484 5484 5484 5520 5424 5556 5400 5472 5484 5448 5460 5460 5448 5484 5460 5460 5448 5508 5448 5496 5460 5460 5484 5508 5508 5496 5484 5472 5460 5460 5460 5472 5484 5472 5496 5448 5472 5472 5484 5484 5484 5472 5484 5472 5496 5484 5472 5448 5472 5484 5472 5472 5484 5472 5472 5472 5484 5472 5472 5508 5448 5472 5472 5472 5484 5460 5460 5472 5484 5448 5460 5460 5460 5484 5472 5484 5460 5472 5472 5448 5448 5472 ]
[ 64828 1560 2016 2076 2112 2124 2136 2148 2148 2148 2160 2160 2172 2160 2160 2184 2172 2172 2184 2172 2172 2172 2160 2172 2184 2172 2244 2268 2316 2256 2268 2232 2232 2232 2196 2256 2256 2172 2244 2292 2268 2376 2280 2304 2172 2256 2256 2244 2244 2256 2256 2268 2268 2268 2232 2256 2268 2268 2268 2268 2268 2268 2268 2268 2268 2268 2244 2268 2268 2268 2268 2268 2268 2268 2268 2268 2268 2280 2268 2268 2268 2268 2268 2268 2268 2256 2268 2268 2268 2268 2280 2256 2268 2268 2268 2256 2256 2268 2256 2256 2268 2256 2256 2256 2268 2256 2280 2256 2268 2256 2256 2256 2256 2256 2256 2256 2268 2244 2268 2256 ]
[ 672 2184 2664 2760 2808 2844 2844 2844 2844 2844 2844 2844 2844 2856 2856 2856 2856 2856 2856 2844 2856 2856 2844 2856 2808 2844 2916 2892 2916 2844 2880 2856 2856 2856 2832 2856 2808 2712 2844 2916 2820 3036 2892 2880 2820 2856 2892 2892 2904 2904 2892 2904 2904 2904 2868 2904 2904 2940 2940 2916 2904 2904 2904 2916 2904 2916 2892 2892 2904 2904 2904 2904 2904 2904 2904 2904 2904 2892 2916 2892 2904 2880 2892 2880 2880 2892 2904 2916 2892 2904 2940 2904 2892 2880 2892 2904 2892 2916 2868 2892 2916 2916 2892 2904 2892 2904 2916 2868 2892 2892 2916 2904 2916 2904 2880 2880 2904 2880 2892 2880 ]
[ 64660 64864 64996 65032 65056 65092 65092 65092 65092 65092 65080 65104 65092 65080 65092 65116 65080 65104 65104 65152 65080 65092 65080 65092 65104 65116 65140 65068 65044 65104 65116 65116 65044 65092 65032 65092 65080 65092 65116 65044 65056 65104 50980 61444 46480 1380 204 65464 65404 65332 65332 65332 65320 65332 65284 65308 65296 65320 65308 65284 65284 65284 65224 65236 65224 65200 65212 65212 65188 65200 65200 65188 65188 65176 65188 65164 65188 65212 65212 65200 65164 65212 65164 65140 65164 65164 65152 65152 65164 65164 65176 65164 65164 65164 65164 65164 65164 65164 65152 65164 65164 65164 65164 65164 65176 65152 65164 65140 65152 65152 65128 65140 65140 65152 65164 65128 65164 65152 65116 65116 ]
];
house_keep = [
[ 38961 38958 38957 38961 38962 38960 38961 0 ]
[ 32657 32656 32658 32657 32656 32655 32654 0 ]
[ 38953 38953 38957 38955 38955 38952 38956 0 ]
[ 49599 49652 49709 49754 49771 49819 49853 0 ]
[ 49599 49652 49709 49754 49771 49819 49853 0 ]
];
config = [309 616 2 1 0 ]