sensors_x = [
[ 19428 18972 18936 18924 18912 18936 18924 18936 18936 18912 18900 18900 18924 18900 18936 18888 18900 18900 18900 18912 18900 18900 18912 18888 18900 18900 18888 18900 18900 18888 18900 18900 18900 18912 18912 18888 18876 18888 18912 18900 18912 18924 18912 18912 18888 18912 18924 18888 18888 18912 18900 18900 18900 18888 18900 18900 18900 18888 18912 18900 18888 18900 18900 18888 18888 18900 18888 18888 18888 18912 18888 18912 18912 18900 18888 18888 18900 18912 18912 18924 18924 18912 18900 18900 18900 18900 18900 18900 18900 18912 18888 18900 18912 18912 18900 18912 18900 18900 18912 18912 18912 18912 18900 18912 18900 18912 18912 18924 18900 18912 18900 18924 18888 18900 18924 18900 18912 18900 18924 18912 ]
[ 17184 19284 19236 19224 19176 19200 19200 19224 19260 19224 19224 19212 19212 19188 19188 19188 19224 19212 19200 19188 19188 19200 19212 19224 19224 19224 19224 19188 19164 19224 19188 19200 19188 19212 19212 19188 19200 19200 19200 19188 19200 19200 19200 19200 19188 19200 19200 19200 19200 19200 19200 19200 19200 19200 19200 19200 19200 19200 19200 19200 19212 19188 19200 19200 19200 19200 19200 19200 19200 19188 19200 19188 19188 19176 19188 19188 19164 19188 19188 19188 19188 19188 19188 19188 19188 19188 19188 19188 19188 19188 19188 19176 19176 19188 19188 19188 19188 19188 19188 19176 19188 19176 19176 19176 19188 19176 19176 19176 19176 19176 19176 19176 19176 19176 19176 19176 19176 19176 19200 19176 ]
[ 11568 13464 13632 13644 13572 13656 13620 13512 13836 13632 13608 13632 13596 13584 13596 13572 13632 13656 13572 13596 13668 13728 13716 13728 13680 13644 13620 13596 13488 13596 13560 13524 13512 13524 13620 13572 13560 13548 13536 13572 13536 13536 13536 13536 13536 13536 13536 13536 13536 13536 13536 13536 13536 13536 13536 13536 13536 13536 13536 13536 13536 13536 13536 13536 13560 13536 13536 13524 13512 13536 13524 13536 13536 13560 13560 13536 13548 13524 13548 13560 13560 13560 13536 13560 13548 13548 13536 13548 13536 13524 13536 13536 13536 13572 13536 13536 13536 13536 13560 13536 13560 13548 13560 13548 13536 13560 13536 13560 13536 13536 13536 13536 13560 13548 13560 13536 13536 13536 13560 13548 ]
[ 5508 6636 6864 6840 6828 6900 6864 6852 9792 2640 7488 5280 7572 7512 4728 10884 7716 7332 7560 8508 7980 7488 7632 7332 7452 7416 7632 7752 8364 7176 7668 7452 6576 8388 5136 5784 6612 6756 6792 6804 6804 6804 6804 6816 6792 6828 6792 6828 6828 6792 6816 6816 6828 6816 6792 6792 6816 6780 6792 6816 6816 6816 6804 6864 6828 6828 6852 6828 6780 6816 6852 6804 6840 6864 6852 6852 6804 6852 6852 6864 6864 6852 6852 6852 6852 6852 6852 6864 6852 6852 6852 6852 6852 6852 6852 6852 6852 6852 6864 6852 6888 6876 6852 6852 6852 6852 6852 6852 6852 6852 6852 6876 6852 6852 6876 6852 6852 6864 6900 6888 ]
];
sensors_y = [
[ 3300 5160 5304 5316 5352 5316 5340 5328 5304 5376 5388 5388 5364 5412 5328 5400 5388 5400 5388 5376 5388 5388 5376 5400 5412 5388 5400 5388 5388 5400 5436 5388 5448 5376 5472 5448 5460 5448 5424 5436 5424 5436 5424 5424 5400 5424 5448 5448 5448 5424 5448 5460 5460 5448 5460 5460 5412 5448 5448 5460 5436 5412 5484 5448 5472 5460 5448 5472 5400 5472 5448 5472 5472 5508 5424 5448 5508 5472 5484 5496 5484 5472 5484 5460 5460 5460 5484 5424 5484 5472 5448 5460 5496 5496 5484 5472 5484 5484 5472 5496 5472 5472 5508 5484 5460 5472 5496 5508 5508 5472 5508 5484 5520 5460 5484 5508 5508 5508 5484 5496 ]
[ 64840 1500 2028 1992 2112 2064 2112 2016 1980 2088 2112 2124 2220 2220 2172 2172 2136 2124 2112 2100 2100 2112 2124 2136 2136 2136 2136 2076 2100 2136 2172 2088 2172 2124 2220 2172 2184 2184 2184 2172 2184 2184 2184 2184 2172 2184 2184 2184 2184 2184 2184 2184 2184 2184 2184 2184 2184 2184 2184 2184 2196 2172 2196 2184 2208 2208 2184 2184 2184 2220 2208 2220 2220 2232 2220 2220 2244 2220 2220 2220 2220 2220 2220 2220 2220 2220 2220 2220 2220 2220 2220 2232 2232 2220 2220 2220 2220 2220 2220 2232 2220 2232 2232 2232 2220 2232 2232 2232 2232 2232 2232 2232 2232 2232 2232 2232 2232 2256 2232 2232 ]
[ 672 2184 2688 2700 2748 2736 2772 2736 2676 2760 2760 2760 2844 2856 2844 2796 2760 2784 2772 2796 2772 2808 2820 2832 2808 2796 2820 2796 2712 2796 2880 2748 2904 2820 2868 2856 2856 2868 2856 2880 2856 2856 2856 2856 2856 2856 2856 2856 2856 2856 2856 2856 2856 2856 2856 2856 2856 2856 2856 2856 2856 2856 2880 2856 2880 2880 2856 2844 2856 2856 2868 2868 2856 2904 2880 2880 2892 2868 2868 2880 2880 2880 2868 2880 2868 2868 2880 2868 2856 2868 2856 2880 2880 2892 2856 2856 2856 2880 2880 2880 2880 2892 2904 2868 2880 2904 2856 2904 2880 2880 2880 2880 2904 2892 2904 2904 2880 2880 2904 2892 ]
[ 64588 64756 64864 64912 64900 64924 64912 64924 6456 63712 64912 65200 63988 65440 62752 64924 63748 64264 63208 63364 65380 63928 64000 63988 63940 64144 63808 62500 64492 64384 64180 64036 63424 64156 5136 384 65452 65380 65344 65332 65332 65332 65332 65320 65248 65284 65248 65284 65284 65248 65272 65272 65236 65236 65224 65224 65200 65236 65236 65200 65200 65200 65212 65164 65188 65200 65164 65188 65188 65200 65164 65212 65176 65152 65164 65164 65212 65164 65164 65152 65152 65164 65164 65164 65164 65164 65164 65152 65164 65164 65164 65164 65164 65164 65164 65164 65164 65164 65152 65164 65152 65164 65164 65164 65164 65164 65164 65164 65164 65164 65164 65164 65164 65164 65140 65164 65164 65164 65140 65152 ]
];
house_keep = [
[ 38960 38962 38962 38962 38958 38962 38965 0 ]
[ 32661 32661 32660 32659 32657 32659 32658 0 ]
[ 39256 39301 38961 38957 38957 38954 38956 0 ]
[ 49248 49317 49366 49418 49474 49526 49570 0 ]
[ 49248 49317 49366 49418 49474 49526 49570 0 ]
];
config = [309 616 2 1 0 ]