sensors_x = [
[ 25128 25140 25140 25116 25128 25116 25128 25176 25128 25116 25164 25140 25188 25152 25152 25152 25152 25152 25152 25140 25164 25164 25164 25140 25176 25152 25128 25152 25140 25164 25140 25128 25164 25128 25128 25164 25152 25140 25164 25140 25164 25140 25140 25164 25140 25128 25128 25128 25140 25140 25152 25188 25164 25152 25164 25152 25152 25176 25140 25164 25164 25164 25140 25164 25188 25176 25152 25164 25152 25164 25188 25176 25176 25164 25152 25152 25116 25164 25164 25164 25128 25176 25152 25164 25128 25140 25128 25200 25152 25140 25128 25164 25128 25104 25140 25140 25128 25116 25128 25128 25080 25092 25116 25116 25080 25116 25104 25104 25092 25104 25092 25068 25116 25092 25068 25104 25044 25092 25080 25044 ]
[ 25692 25704 25704 25680 25680 25728 25692 25692 25704 25692 25692 25704 25692 25716 25716 25680 25704 25704 25704 25692 25704 25704 25692 25692 25692 25704 25692 25692 25692 25680 25692 25692 25680 25680 25680 25680 25680 25704 25728 25704 25704 25704 25704 25692 25668 25668 25692 25692 25692 25692 25668 25680 25692 25692 25704 25716 25692 25692 25692 25692 25704 25716 25680 25716 25716 25716 25704 25704 25716 25704 25728 25680 25692 25704 25704 25692 25692 25716 25704 25680 25692 25668 25680 25692 25704 25704 25680 25704 25680 25692 25692 25704 25680 25668 25668 25668 25668 25704 25680 25680 25680 25692 25692 25668 25668 25656 25680 25668 25680 25692 25680 25668 25668 25680 25680 25680 25656 25680 25644 25692 ]
[ 19968 19980 19944 19968 19944 19968 19932 19968 19944 19992 19944 19920 19980 19908 19980 19920 19944 19920 19908 19992 19932 19956 19992 19944 19944 19860 19944 20004 19944 19944 19920 19968 19980 19944 19956 19920 19932 19944 19968 19968 19944 19944 19980 19956 19896 19968 19992 19968 19980 19932 19944 19932 19920 19968 19956 20016 19968 19956 19944 19956 19956 19956 19944 19980 19944 19968 19980 19944 19968 19944 19968 19956 19944 19932 19956 19956 19944 19968 19968 19944 19944 19968 19920 19944 19932 19980 19956 19968 19944 19956 19920 19920 19944 19956 19968 19956 19932 19944 19920 19944 19956 19968 19992 19980 19980 19944 19944 19944 19968 19992 19944 19944 19980 19992 19956 19920 19968 19956 19968 19956 ]
[ 15408 15456 15420 15420 15408 15432 15396 15396 15372 15456 15396 15444 15396 15456 15420 15444 15468 15432 15396 15432 15420 15432 15420 15432 15456 15396 15420 15420 15312 15396 15384 15396 15420 15468 15480 15384 15408 15372 15396 15420 15408 15396 15480 15456 15408 15396 15420 15456 15432 15396 15456 15444 15420 15468 15444 15492 15432 15408 15432 15444 15360 15456 15420 15372 15444 15492 15468 15420 15420 15456 15468 15396 15396 15408 15408 15408 15420 15360 15480 15408 15444 15408 15408 15444 15456 15456 15372 15396 15432 15432 15432 15432 15408 15456 15432 15420 15360 15372 15396 15408 15432 15444 15420 15408 15396 15384 15444 15384 15408 15444 15348 15396 15408 15444 15432 15360 15396 15396 15408 15396 ]
];
sensors_y = [
[ 63760 63772 63772 63772 63760 63772 63784 63808 63784 63772 63820 63772 63772 63796 63784 63784 63760 63784 63760 63796 63772 63772 63796 63796 63736 63760 63760 63784 63748 63772 63772 63760 63784 63784 63784 63772 63760 63772 63796 63748 63772 63772 63772 63796 63772 63784 63784 63784 63748 63796 63760 63748 63772 63784 63772 63808 63784 63808 63748 63772 63772 63796 63772 63772 63796 63784 63760 63772 63760 63772 63796 63784 63784 63772 63784 63784 63772 63772 63796 63772 63748 63760 63760 63772 63760 63772 63760 63760 63784 63772 63760 63772 63760 63784 63772 63796 63784 63748 63784 63784 63784 63748 63796 63796 63760 63772 63772 63784 63784 63784 63772 63772 63772 63796 63796 63784 63772 63796 63784 63748 ]
[ 62692 62704 62728 62704 62704 62728 62692 62692 62728 62716 62716 62728 62716 62716 62716 62704 62680 62704 62704 62692 62704 62680 62692 62692 62692 62728 62692 62716 62692 62704 62740 62716 62704 62680 62704 62680 62680 62704 62728 62704 62704 62680 62704 62716 62692 62692 62716 62716 62692 62692 62692 62704 62692 62692 62728 62716 62692 62692 62692 62716 62704 62716 62704 62716 62716 62716 62680 62704 62716 62704 62704 62680 62692 62704 62704 62692 62716 62668 62704 62704 62692 62692 62680 62716 62704 62704 62704 62728 62680 62692 62716 62704 62704 62692 62692 62668 62668 62704 62680 62704 62704 62692 62692 62716 62692 62680 62680 62692 62680 62692 62704 62716 62692 62704 62680 62680 62680 62680 62668 62668 ]
[ 63040 63076 63040 63016 63016 63016 63004 63016 63016 62968 62992 63016 62980 63004 63004 63016 63016 63016 62980 63040 63016 62980 63016 63016 63040 63052 63040 63028 63016 62968 63040 63064 63028 63016 63004 62992 63004 62992 63040 63016 62992 62968 63052 63028 63016 63040 63004 63040 63028 63028 62944 63028 62992 63016 62944 63076 63016 62980 62992 63028 63052 63052 62992 63004 62992 63016 63028 63064 63016 62992 63064 62980 63004 63052 63064 63052 62992 62992 63040 63040 63016 63016 63016 63040 63004 63052 62980 63016 62992 63004 63016 63016 62992 63004 63016 63004 63004 63016 63016 63016 63028 63040 63064 63028 62968 63016 63016 63088 63016 63040 63040 63016 62980 62992 63052 62980 63016 63028 63016 63028 ]
[ 62752 62752 62716 62740 62680 62704 62692 62716 62716 62680 62716 62692 62692 62656 62644 62692 62668 62704 62644 62680 62668 62680 62668 62680 62632 62740 62692 62692 62632 62716 62704 62716 62716 62692 62692 62728 62680 62644 62668 62668 62728 62692 62728 62656 62680 62740 62668 62752 62656 62668 62680 62644 62668 62644 62620 62692 62656 62656 62632 62716 62632 62680 62668 62668 62692 62668 62644 62692 62692 62656 62716 62668 62644 62752 62728 62704 62668 62716 62680 62656 62692 62656 62632 62692 62656 62680 62692 62692 62680 62680 62680 62692 62656 62656 62680 62692 62584 62716 62620 62704 62704 62692 62740 62704 62668 62680 62668 62728 62632 62692 62716 62752 62680 62692 62704 62656 62728 62764 62656 62668 ]
];
house_keep = [
[ 38328 38324 38327 38324 38322 38322 38325 0 ]
[ 32642 32642 32640 32640 32640 32640 32642 0 ]
[ 38164 38163 38161 38162 38161 38161 38162 0 ]
[ 25893 25965 26042 26125 26176 26248 26314 0 ]
[ 25893 25965 26042 26125 26176 26248 26314 0 ]
];
config = [309 616 2 1 0 ]