sensors_x = [
[ 25212 25152 25152 25200 25212 25188 25200 25176 25212 25224 25200 25200 25248 25224 25248 25236 25200 25272 25188 25224 25236 25236 25236 25224 25248 25236 25224 25224 25236 25248 25260 25212 25236 25224 25200 25224 25224 25188 25152 25176 25140 25152 25152 25164 25176 25164 25116 25140 25080 25116 25116 25128 25128 25116 25128 25092 25104 25092 25116 25092 25104 25092 25068 25080 25092 25080 25080 25068 25068 25080 25080 25092 25068 25068 25080 25056 25068 25056 25068 25092 25068 25080 25080 25056 25056 25068 25068 25080 25092 25056 25056 25068 25056 25044 25080 25068 25068 25044 25056 25044 25044 25032 25080 25044 25056 25044 25032 25032 25068 25032 25044 25032 25044 25032 25020 25032 25020 25008 24996 25044 ]
[ 25716 25716 25680 25692 25680 25716 25680 25680 25692 25704 25680 25668 25692 25680 25740 25704 25644 25716 25656 25692 25680 25680 25680 25704 25668 25692 25680 25692 25680 25692 25692 25668 25680 25668 25656 25656 25668 25668 25668 25680 25656 25632 25668 25656 25680 25656 25656 25656 25656 25644 25668 25668 25632 25656 25656 25620 25644 25656 25632 25620 25644 25644 25632 25644 25632 25632 25608 25632 25644 25632 25644 25644 25656 25632 25644 25644 25632 25644 25632 25632 25644 25608 25644 25620 25632 25620 25632 25644 25656 25596 25608 25644 25656 25632 25656 25620 25632 25608 25656 25608 25620 25608 25644 25620 25644 25608 25644 25608 25632 25620 25620 25632 25644 25620 25620 25620 25608 25608 25620 25620 ]
[ 19980 19932 19896 19920 19956 19932 19896 19932 19884 19860 19920 19932 19908 19848 19980 19956 19896 19920 19908 19908 19920 19872 19908 19944 19932 19920 19872 19908 19860 19932 19944 19872 19908 19944 19824 19908 19896 19908 19896 19908 19884 19884 19896 19860 19884 19848 19884 19872 19920 19884 19932 19884 19896 19884 19872 19860 19920 19836 19884 19908 19872 19884 19872 19884 19920 19908 19872 19920 19896 19920 19908 19884 19848 19896 19860 19872 19872 19908 19836 19848 19896 19896 19896 19884 19896 19944 19908 19932 19860 19896 19860 19908 19896 19896 19920 19884 19896 19884 19860 19956 19860 19884 19860 19908 19848 19896 19884 19848 19896 19956 19896 19884 19884 19896 19980 19944 19884 19908 19824 19908 ]
[ 15396 15432 15360 15396 15420 15384 15396 15384 15468 15420 15336 15396 15384 15396 15492 15480 15384 15408 15456 15444 15396 15456 15444 15420 15456 15408 15396 15384 15396 15468 15456 15396 15456 15408 15324 15468 15432 15456 15420 15360 15360 15456 15408 15432 15396 15372 15396 15348 15420 15384 15384 15360 15384 15408 15420 15324 15384 15360 15384 15396 15420 15324 15336 15348 15360 15420 15336 15336 15420 15324 15384 15420 15360 15444 15348 15336 15396 15360 15384 15348 15396 15384 15312 15348 15384 15372 15384 15408 15300 15444 15348 15336 15360 15360 15384 15336 15360 15408 15408 15288 15360 15324 15348 15396 15420 15348 15372 15336 15360 15372 15396 15312 15372 15396 15372 15372 15324 15336 15300 15372 ]
];
sensors_y = [
[ 63700 63688 63664 63712 63676 63700 63688 63688 63700 63688 63712 63688 63724 63736 63760 63700 63664 63688 63724 63664 63700 63724 63700 63688 63664 63676 63688 63688 63652 63688 63676 63676 63700 63676 63616 63640 63664 63676 63664 63688 63652 63640 63664 63676 63664 63652 63676 63628 63664 63652 63652 63688 63664 63652 63640 63652 63664 63652 63652 63652 63664 63700 63652 63664 63652 63616 63640 63652 63652 63640 63640 63652 63676 63676 63640 63664 63652 63664 63676 63676 63652 63688 63664 63664 63664 63628 63664 63664 63604 63664 63664 63676 63640 63700 63688 63676 63652 63652 63664 63652 63652 63688 63688 63676 63688 63652 63640 63664 63676 63688 63676 63688 63676 63664 63700 63664 63676 63664 63700 63700 ]
[ 62668 62668 62656 62668 62656 62692 62656 62656 62668 62680 62656 62644 62668 62656 62668 62656 62620 62644 62656 62668 62632 62632 62632 62656 62644 62620 62656 62644 62632 62620 62620 62620 62608 62620 62584 62584 62596 62596 62596 62608 62584 62560 62596 62584 62608 62584 62608 62584 62584 62572 62596 62596 62560 62584 62584 62572 62572 62584 62560 62572 62572 62572 62560 62572 62536 62560 62560 62560 62572 62560 62572 62572 62584 62560 62572 62572 62536 62572 62560 62560 62596 62560 62572 62572 62560 62572 62560 62572 62560 62548 62536 62572 62584 62584 62584 62548 62560 62560 62584 62560 62572 62560 62596 62572 62596 62560 62572 62560 62584 62572 62572 62560 62572 62572 62572 62572 62584 62560 62572 62572 ]
[ 63028 62980 62992 62968 62980 62980 62920 62980 63004 62980 62872 63052 62980 62944 63004 62980 62920 62896 62956 62956 62968 63016 62956 62896 62944 62992 62944 62932 62956 62980 62896 63040 62956 62992 62896 62932 62944 62932 62944 62980 62932 62932 62944 62980 62956 62968 62956 62920 62992 62932 62980 63004 62944 62956 62992 62956 62968 62956 62932 62980 62896 62932 62920 62956 62944 62956 62896 62944 62920 62968 63028 63004 62944 62992 62980 63004 62968 62932 62932 62992 62992 62968 62968 62980 62944 63016 62956 62980 62980 62896 62956 62956 63016 62944 62944 62932 62944 63004 62908 62980 63004 62980 62956 62932 62968 62920 62932 62920 62944 62980 62968 62932 62908 62872 63028 62920 62956 62956 62908 62908 ]
[ 62716 62656 62656 62644 62668 62644 62596 62608 62644 62668 62584 62620 62608 62620 62596 62560 62560 62608 62632 62620 62620 62584 62620 62572 62608 62608 62548 62536 62596 62596 62512 62620 62608 62584 62524 62548 62560 62560 62620 62632 62488 62536 62584 62632 62644 62572 62620 62692 62596 62584 62584 62584 62512 62608 62548 62500 62584 62560 62536 62596 62596 62596 62608 62572 62560 62596 62560 62584 62524 62572 62584 62548 62584 62572 62596 62560 62548 62560 62560 62620 62596 62560 62584 62620 62560 62596 62584 62632 62596 62716 62620 62644 62560 62560 62584 62584 62584 62560 62560 62632 62560 62548 62644 62572 62596 62548 62548 62584 62596 62596 62632 62608 62620 62572 62716 62548 62596 62584 62596 62572 ]
];
house_keep = [
[ 38331 38331 38331 38330 38327 38327 38328 0 ]
[ 32644 32645 32645 32642 32646 32644 32644 0 ]
[ 38169 38170 38168 38167 38168 38166 38163 0 ]
[ 25149 25253 25352 25455 25536 25632 25716 0 ]
[ 25149 25253 25352 25455 25536 25632 25716 0 ]
];
config = [309 616 2 1 0 ]