sensors_x = [
[ 25176 25176 25176 25176 25164 25152 25152 25152 25140 25164 25128 25140 25116 25116 25092 25092 25080 25080 25104 25080 25092 25056 25044 25044 25068 25080 25056 25056 25056 25032 25032 25032 25044 25020 25044 25020 25044 24996 25008 25020 25020 25044 25032 25008 25008 25056 25044 25044 25068 25092 25080 25068 25104 25080 25128 25152 25128 25140 25140 25176 ]
[ 25668 25668 25668 25656 25620 25656 25656 25644 25656 25668 25620 25656 25632 25644 25632 25644 25632 25656 25668 25620 25632 25632 25632 25644 25644 25692 25644 25632 25620 25644 25644 25608 25632 25620 25656 25632 25620 25632 25632 25632 25656 25632 25644 25632 25620 25692 25644 25632 25668 25632 25644 25644 25656 25656 25668 25704 25668 25668 25656 25668 ]
[ 19920 19884 19884 19908 19908 19908 19848 19932 19884 19884 19872 19944 19920 19848 19908 19932 19896 19932 19932 19884 19932 19896 19884 19848 19920 19920 19908 19908 19896 19956 19968 19884 19884 19884 19884 19884 19920 19872 19920 19920 19956 19956 19968 19944 19908 20004 19908 19956 19956 19944 19944 19920 19932 19920 19920 19980 19956 19932 19968 19896 ]
[ 15456 15396 15408 15408 15384 15384 15384 15420 15396 15432 15360 15396 15360 15324 15360 15444 15336 15360 15432 15408 15384 15372 15372 15396 15348 15348 15372 15348 15324 15408 15408 15336 15312 15336 15348 15348 15348 15360 15348 15348 15396 15396 15348 15312 15240 15492 15408 15384 15336 15384 15360 15408 15420 15384 15396 15492 15348 15384 15420 15396 ]
];
sensors_y = [
[ 63640 63664 63664 63664 63628 63664 63640 63652 63652 63652 63616 63628 63652 63628 63676 63652 63640 63640 63616 63640 63652 63640 63628 63652 63652 63688 63664 63664 63664 63688 63664 63688 63676 63700 63700 63676 63700 63676 63664 63676 63676 63700 63664 63688 63664 63736 63700 63700 63700 63700 63688 63676 63688 63688 63736 63712 63712 63724 63700 63688 ]
[ 62596 62620 62620 62608 62548 62584 62608 62596 62608 62596 62596 62560 62584 62596 62584 62596 62584 62584 62572 62572 62584 62608 62584 62572 62572 62620 62644 62584 62572 62572 62596 62560 62584 62596 62608 62608 62596 62584 62608 62632 62632 62632 62620 62632 62608 62668 62644 62632 62644 62632 62644 62644 62632 62632 62668 62680 62668 62644 62656 62644 ]
[ 63016 62980 62980 63004 62932 62980 62992 62980 62980 62932 62896 62944 62992 62968 63004 63004 62992 62980 62932 62956 62968 62992 62956 62944 62944 62968 63028 62908 62944 62932 62944 62980 62908 63004 62980 62956 62968 62968 62968 62944 62956 62980 62932 62968 62932 63052 62932 62992 63004 62944 62944 62980 62956 62968 62944 63052 63004 62980 62968 62944 ]
[ 62608 62620 62632 62608 62584 62608 62608 62596 62548 62536 62560 62596 62632 62572 62632 62500 62584 62656 62560 62608 62584 62596 62644 62572 62596 62620 62740 62548 62620 62608 62608 62608 62536 62632 62644 62620 62620 62632 62620 62644 62620 62644 62608 62632 62584 62716 62656 62680 62704 62608 62656 62656 62620 62656 62644 62716 62716 62656 62692 62596 ]
];
house_keep = [
[ 38338 38336 38336 0 ]
[ 32643 32647 32642 0 ]
[ 38176 38173 38173 0 ]
[ 25181 25284 25387 0 ]
[ 25181 25284 25387 0 ]
];
config = [309 616 2 1 0 ]