sensors_x = [
[ 24252 24216 24156 24132 24096 24072 24096 24072 24048 24084 24096 24060 24084 24096 24132 24084 24156 24120 24204 24204 24180 24204 24240 24252 24240 24288 24264 24240 24276 24276 24264 24300 24312 24312 24276 24276 24288 24276 24312 24288 24288 24312 24312 24264 24252 24264 24240 24240 24252 24216 24204 24216 24180 24192 24144 24144 24144 24144 24144 24120 24144 24084 24132 24180 24144 24132 24180 24144 24132 24132 24156 24168 24156 24192 24216 24192 24180 24228 24252 24252 24264 24288 24288 24300 24336 24312 24324 24324 24312 24348 24360 24360 24396 24408 24396 24420 24396 24408 24456 24456 24480 24468 24516 24540 24540 24564 24648 24672 24720 24768 24852 24900 24924 25032 25104 25140 25188 25260 25272 25344 25368 25404 25464 25464 25512 25524 25596 25608 25620 25632 25656 25716 25728 25716 25620 25596 25620 25620 25632 25680 25668 25680 25704 25716 25704 25692 25716 25704 25692 25716 25728 25728 25740 25704 25908 25920 25932 25932 25884 25956 25920 25932 25920 25920 25908 25920 25944 25956 25932 25968 25920 25908 25932 25896 25920 25908 25884 25920 25908 25884 25896 25860 25860 25848 25848 25872 25848 25884 25872 25848 25896 25908 25932 25932 25932 25932 25920 25932 25932 25932 25932 25932 25920 25908 25920 25860 25860 25872 25872 25848 25836 25824 25788 25740 25728 25704 25704 25668 25656 25644 25632 25608 25620 25572 25608 25632 25596 25608 25608 25608 25620 25644 25644 25656 25704 25704 25704 25752 25764 25740 25776 25812 25824 25800 25692 25716 25728 25740 25716 25740 25788 25776 25800 25788 25788 25788 25824 25800 25800 25824 25836 25800 25812 25824 25824 25812 25788 25956 25980 25992 26004 26004 26004 25992 25980 26004 26016 25992 26016 25992 25860 25860 25848 25896 25884 25884 25872 25920 25884 25884 25884 25884 25896 25872 25896 25884 25872 25848 25836 25884 25896 25908 25908 25932 25896 25872 25860 25860 25872 25872 25872 25896 25872 25908 25908 25908 25920 25896 25884 25872 25860 25872 25836 25812 25824 25800 25800 25764 25776 25812 25776 25812 25776 25740 25752 25764 25788 25764 25764 25764 25716 25752 25716 25740 25728 25740 25740 25740 25752 25740 25764 25752 25776 25752 25752 25788 25776 25788 25800 25764 ]
[ 25368 25308 25272 25212 25164 25176 25176 25116 25080 25128 25128 25092 25080 25080 25068 25020 25008 24996 25056 25104 25032 25056 25104 25080 25068 25068 25068 25092 25128 25104 25104 25128 25128 25128 25128 25116 25104 25056 25128 25116 25128 25116 25116 25092 25104 25068 25080 25080 25056 25032 25080 25068 25068 25068 25056 25068 25032 25068 25068 25008 25068 25080 25056 25092 25080 25068 25068 25020 25056 25056 25080 25068 25056 25056 25068 25056 25044 25056 25080 25092 25128 25128 25092 25104 25128 25104 25152 25140 25152 25164 25164 25176 25188 25200 25188 25224 25236 25212 25224 25260 25248 25272 25320 25296 25296 25356 25368 25428 25476 25488 25512 25560 25548 25596 25608 25656 25680 25692 25704 25728 25740 25764 25776 25776 25800 25800 25836 25836 25884 25860 25860 25884 25908 25920 25836 25848 25848 25860 25860 25860 25884 25896 25896 25896 25908 25920 25896 25896 25908 25908 25896 25908 25896 25896 25968 25968 25968 25980 25992 25980 25980 25992 25992 25980 25956 25980 25992 26004 26004 26028 26004 25992 26016 25968 25992 25992 25980 25992 26004 25980 25956 25944 25992 25968 25968 25980 25968 25992 25968 25968 25956 25980 25980 26004 25992 25992 25980 26004 26016 25980 25980 25968 26016 25992 25968 25956 25956 25956 25968 25956 25956 25968 25908 25908 25872 25908 25872 25896 25872 25896 25860 25872 25836 25836 25848 25848 25848 25848 25848 25860 25872 25860 25848 25872 25896 25884 25884 25920 25896 25908 25920 25920 25944 25944 25896 25884 25932 25884 25884 25896 25920 25920 25956 25932 25920 25944 25956 25944 25956 25956 25932 25908 25932 25956 25980 25944 25944 25992 26016 26016 26040 26040 26028 26028 26040 26040 26016 26004 26004 26016 25980 25968 25968 25992 25980 25944 25944 26004 25968 25968 25968 25992 25980 25992 25968 25992 25968 25956 25980 25992 25968 25980 25980 26004 26004 25992 25968 25980 25968 25992 25980 25992 25992 25992 26004 25992 25992 25980 26004 25980 25968 25980 26004 25980 25968 25980 25992 25968 25992 25968 25980 25992 25980 25956 25968 25980 25980 25980 25968 25956 25956 25992 25956 25968 25956 25980 25956 25956 25956 25944 25944 25944 25956 25956 25944 25956 25956 25968 25980 25956 ]
[ 19740 19668 19656 19680 19608 19572 19632 19512 19500 19536 19596 19584 19608 19524 19512 19428 19428 19380 19464 19392 19356 19428 19380 19392 19392 15264 18288 19164 19344 19368 19404 19368 19440 19380 19380 19404 19380 19416 19392 19392 19380 19392 19416 19380 19392 19356 19392 19368 19380 19392 19416 19404 19476 19512 19476 19524 19524 19512 19512 19500 19500 19512 19464 19488 19476 19500 19512 19500 19536 19476 19524 19464 19464 19476 19440 19464 19428 19356 19380 19416 19404 19404 19404 19404 19356 19404 19428 19416 19380 19416 19416 19380 19392 19380 19404 19404 19404 19416 19416 19368 19392 19392 19440 19404 19464 19404 19440 19428 19452 19464 19476 19536 19488 19500 19536 19536 19500 19488 19488 19560 19488 19512 19524 19476 19512 19560 19572 19584 19548 19560 19632 19596 19620 19620 19620 19632 19644 19716 19608 19620 19656 19632 19632 19692 19680 19656 19644 19692 19656 19704 19668 19692 19680 19644 19704 19644 19680 19632 19656 19716 19644 19680 19692 19656 19656 19680 19656 19668 19668 19704 19596 19644 19644 19716 19656 19692 19596 19716 19668 19680 19680 19596 19668 19668 19656 19608 19596 19620 19608 19632 19668 19668 19644 19668 19716 19692 19656 19668 19704 19692 19668 19704 19644 19680 19668 19644 19668 19632 19608 19632 19632 19632 19608 19656 19560 19608 19536 19596 19584 19608 19560 19572 19548 19632 19572 19584 19620 19608 19560 19632 19596 19560 19584 19596 19572 19644 19632 19548 19668 19596 19680 19656 19584 19656 19680 19680 19668 19692 19704 19728 19704 19704 19704 19704 19740 19752 19728 19752 19740 19740 19728 19716 19752 19740 19776 19800 19764 19740 19740 19764 19788 19764 19812 19788 19824 19824 19812 19788 19800 19812 19824 19788 19776 19824 19812 19788 19824 19800 19836 19800 19836 19788 19848 19836 19776 19824 19812 19824 19824 19800 19776 19812 19836 19824 19896 19860 19884 19848 19812 19860 19860 19872 19836 19860 19848 19896 19884 19896 19944 19896 19932 19908 19956 19956 19884 19920 19932 19932 19968 19896 19968 19944 19980 20016 19968 19992 19944 19992 19932 20004 19932 19956 19968 19944 20004 19980 19968 19944 19932 19944 19956 20004 19932 19992 19908 19872 19896 19992 19968 19956 ]
