sensors_x = [
[ 25716 25788 25812 25848 25884 25908 25980 25968 25980 26004 26004 26052 26028 26052 26064 26052 26064 26040 25992 25980 25920 25920 25836 25788 25728 25680 25632 25560 25500 25416 25320 25248 25176 25164 25128 25068 25008 24936 24876 24804 24768 24744 24684 24648 24600 24564 24564 24552 24504 24480 24420 24456 24396 24384 24372 24360 24324 24288 24288 24288 24288 24252 24240 24192 24168 24192 24156 24156 24132 24120 24084 24144 24084 24120 24120 24132 24120 24132 24120 24156 24144 24144 24180 24168 24192 24156 24192 24192 24204 24204 24228 24216 24240 24240 24240 24240 24264 24264 24276 24300 24288 24288 24300 24324 24300 24324 24324 24336 24336 24336 24348 24336 24348 24372 24384 24444 24444 24456 24468 24492 24480 24504 24552 24576 24600 24648 24660 24708 24768 24768 24828 24888 24960 24996 25068 25104 25152 25188 25224 25272 25320 25356 25380 25416 25428 25476 25488 25524 25596 25632 25692 25728 25776 25776 25824 25860 25884 25860 25896 25872 25920 25932 25932 25944 25932 25944 25944 25980 25944 25956 25932 25956 25920 25944 25932 25920 25956 25944 25968 25944 25956 25932 25944 25944 25944 25932 25920 26028 26016 25992 25944 25980 25920 25944 25968 26004 25992 25992 25980 25944 25944 25920 25920 25884 25896 25896 25872 25848 25848 25848 25860 25836 25812 25824 25824 25836 25824 25812 25824 25848 25836 25848 25824 25872 25884 25872 25884 25884 25884 25920 25896 25920 25920 25932 25956 25968 25956 25968 25968 25968 25992 25932 25920 25932 25944 25944 25932 25920 25920 25932 25944 25956 25956 25956 25956 25908 25920 25896 25884 25872 25872 25896 25884 25884 25872 25896 25872 25860 25872 25860 25836 25884 25848 25860 25848 25848 25848 25872 25872 25872 25872 25956 25968 25980 25992 25980 25992 26004 26004 26004 26028 26004 26016 25992 26028 26016 26004 26016 26016 26040 26016 26040 26016 26004 25992 25956 25968 25956 25944 25896 25884 25860 25896 25896 25872 25884 25884 25908 25884 25896 25896 25908 25908 25932 25944 25944 25992 25968 25956 25956 25980 26088 26100 26088 26196 26184 26148 26124 26064 26052 26004 25992 25944 25884 25812 25776 25752 25728 25692 25668 25644 25620 25584 25608 25572 25536 25536 25512 25536 25524 ]
[ 26184 26196 26208 26232 26268 26244 26292 26292 26292 26292 26304 26328 26316 26316 26352 26328 26328 26316 26328 26328 26280 26304 26280 26256 26256 26244 26244 26244 26220 26184 26148 26136 26100 26088 26124 26064 26028 25968 25908 25848 25800 25788 25728 25716 25680 25584 25572 25608 25560 25536 25524 25500 25488 25440 25440 25404 25380 25380 25308 25344 25296 25320 25272 25248 25248 25236 25200 25236 25164 25116 25116 25140 25104 25104 25116 25092 25104 25068 25080 25068 25044 25068 25056 25056 25080 25092 25068 25068 25044 25056 25092 25080 25104 25104 25080 25128 25128 25116 25128 25128 25152 25128 25164 25164 25176 25176 25176 25176 25140 25152 25188 25176 25212 25212 25236 25236 25248 25260 25260 25284 25296 25320 25356 25344 25344 25452 25416 25476 25500 25548 25572 25620 25668 25716 25752 25800 25848 25884 25920 25920 26004 26016 26040 26028 26088 26052 26088 26076 26112 26136 26160 26172 26208 26208 26208 26220 26244 26244 26280 26256 26268 26256 26268 26256 26268 26292 26304 26304 26292 26268 26280 26280 26292 26292 26292 26292 26280 26292 26292 26316 26292 26292 26268 26292 26292 26292 26280 26316 26316 26316 26292 26304 26328 26328 26292 26316 26364 26304 26280 26292 26316 26268 26292 26280 26280 26280 26280 26268 26280 26292 26268 26280 26280 26280 26244 26280 26256 26268 26280 26268 26256 26280 26256 26280 26292 26292 26280 26280 26292 26280 26292 26292 26280 26304 26304 26304 26304 26316 26280 26316 26292 26292 26256 26292 26280 26268 26256 26280 26292 26268 26292 26304 26280 26304 26292 26268 26256 26256 26244 26232 26244 26232 26232 26256 26232 26220 26232 26232 26268 26220 26208 26244 26220 26256 26232 26232 26232 26268 26256 26256 26268 26292 26292 26268 26304 26304 26292 26280 26304 26268 26316 26304 26292 26304 26316 26316 26328 26340 26328 26340 26340 26316 26304 26340 26304 26292 26328 26304 26304 26280 26256 26244 26280 26268 26280 26292 26268 26280 26280 26280 26256 26292 26292 26292 26304 26280 26316 26304 26268 26280 26304 26352 26328 26340 26352 26328 26340 26328 26292 26304 26292 26256 26256 26208 26208 26184 26196 26184 26184 26148 26148 26124 26124 26148 26112 26088 26088 26112 26088 26076 ]
[ 19704 19692 19668 19728 19752 19716 19800 19812 19800 19836 19896 19860 19932 19956 19968 20004 20028 20076 20052 20040 19980 19896 19980 19944 19968 19872 19860 19824 19836 19836 19752 19776 19752 19752 19764 19716 19740 19764 19728 19788 19740 19728 19704 19716 19776 19764 19764 19776 19752 19740 19728 19740 19776 19740 19776 19776 19764 19776 19764 19752 19704 19692 19704 19680 19656 19644 19656 19668 19644 19644 19644 19632 19596 19644 19644 19656 19584 19656 19644 19680 19632 19656 19608 19620 19572 19572 19572 19608 19560 19596 19548 19536 19500 19524 19548 19524 19548 19536 19548 19524 19572 19524 19536 19524 19512 19560 19548 19560 19548 19584 19548 19548 19548 19548 19596 19548 19536 19548 19548 19596 19608 19584 19560 19560 19488 19572 19500 19560 19584 19572 19524 19596 19596 19584 19680 19620 19572 19560 19596 19608 19644 19608 19668 19584 19608 19608 19632 19656 19692 19620 19632 19644 19704 19752 19740 19728 19788 19824 19836 19764 19836 19848 19872 19860 19884 19872 19968 19908 19956 19956 19968 20016 19956 19992 19968 19968 19992 20004 20028 19956 19968 20016 20028 20004 20028 19980 20028 20052 20004 20040 20028 20004 19992 20040 20040 20028 20028 20028 20052 19992 20028 20040 20004 20016 20016 20004 19980 19992 19980 20028 19968 19968 20016 19992 19980 19992 19932 19956 19992 20016 19968 20004 20004 20016 19968 20004 20004 20040 19992 20004 20016 20004 20088 20040 20016 20028 19956 20028 19956 19932 19956 19956 19944 19908 19932 19944 19884 19896 19920 19836 19860 19884 19860 19836 19872 19812 19764 19812 19800 19752 19812 19824 19824 19812 19836 19788 19764 19788 19836 19788 19776 19776 19776 19812 19788 19740 19752 19800 19824 19800 19824 19812 19824 19800 19848 19848 19848 19848 19860 19872 19872 19908 19884 19920 19920 19968 19956 19968 19980 20016 19992 19992 20064 19992 20076 20016 20004 20028 20016 20004 20064 20004 20040 19992 20028 20028 20040 20028 20016 20004 20052 20028 20076 19992 20004 20016 19980 19992 19968 19956 19920 19932 19908 19836 19824 19812 19776 19764 19788 19752 19752 19740 19728 19740 19728 19716 19692 19692 19692 19668 19656 19704 19656 19632 19680 19632 19668 19644 19644 19680 ]
