sensors_x = [
[ 20028 20064 20724 21636 22644 22932 22932 22944 22944 22920 23376 23856 24144 24528 24792 25032 25176 25296 25368 25440 25512 25560 25644 25656 25716 25704 25704 25728 25764 25776 25788 25824 25776 7224 2952 62344 62248 26580 22920 22932 22956 22920 22908 23412 23712 24204 24480 24792 24984 25116 17952 62320 25416 23568 23652 24060 22932 24336 24756 24972 22200 23124 24732 24924 24984 25020 25092 25116 25152 25296 27240 24012 24180 24432 24432 24480 24564 24600 24648 24660 24720 24636 24756 24768 24780 24804 24828 24780 24816 24804 24876 24840 24852 24900 24900 24876 24852 24840 24864 24924 24924 24864 24852 24864 24864 24900 24912 24864 24936 24936 24864 24876 24924 24768 24864 24828 24924 24900 24876 24828 ]
[ 21828 22908 22896 22908 22908 22944 22932 22944 22944 22920 22908 22920 22908 22908 22932 22920 22932 22932 22908 22908 23016 23232 23376 23496 23616 23688 23784 23832 23916 24000 24120 24204 24132 6000 2952 62344 62248 24672 22920 22932 22956 22932 22896 22920 22896 22932 22908 22932 22932 22908 11040 23196 22908 22920 22920 22944 22932 22920 22920 22920 22332 22344 22668 22956 23064 23220 23340 23460 23568 24720 26376 23664 23880 24096 24180 24120 24264 24276 24336 24372 24408 24300 24456 24384 24588 24528 24540 24492 24504 24528 24636 24576 24612 24648 24660 24612 24588 24564 24600 24684 24696 24636 24648 24612 24588 24624 24708 24612 24708 24660 24648 24660 24684 24468 24648 24588 24672 24672 24672 24588 ]
[ 20052 20136 20832 21768 22824 22920 22920 22944 22932 22908 23124 23652 23964 24372 24612 24876 25032 25188 25248 25356 25428 25488 25572 25608 25668 25656 25692 25716 25764 25788 25824 25848 25848 6840 2952 62344 62248 26688 22908 22920 22944 22920 22908 23268 23568 24072 24372 24684 24876 25008 17340 62320 25308 23412 23472 23904 22932 24192 24612 24864 22344 22968 24600 24828 24924 24996 25056 25080 25140 25464 27420 24168 24360 24612 24600 24672 24744 24804 24816 24840 24840 24828 24912 24912 24972 24996 24996 24948 25020 24972 25032 25032 25044 25068 25068 25056 24996 25008 25056 25116 25104 25020 25056 25068 25032 25080 25104 25020 25128 25080 25092 25080 25092 24960 25092 25008 25092 25092 25092 25020 ]
[ 21804 22884 22896 22908 22896 22932 22920 22932 22932 22920 22908 22920 22920 22908 22932 22920 22932 22932 22920 22908 22908 22896 23028 23160 23328 23388 23472 23520 23628 23688 23760 23916 23820 6000 2952 62344 62248 24552 22908 22920 22944 22920 22896 22932 22896 22932 22920 22944 22932 22908 11340 21372 22920 22920 22920 22956 22920 22920 22920 22920 22356 22356 22356 22596 22752 22872 23016 23172 23304 24564 26268 23676 23952 24132 24204 24192 24360 24324 24420 24432 24516 24408 24516 24516 24624 24588 24636 24624 24624 24624 24696 24660 24696 24732 24744 24660 24672 24672 24672 24768 24780 24636 24708 24696 24684 24744 24792 24696 24768 24732 24696 24756 24708 24564 24756 24684 24792 24720 24744 24672 ]
];
sensors_y = [
[ 2772 2736 2052 1140 156 65404 65428 65416 65440 65416 336 792 1128 1488 1728 1992 2112 2256 2352 2424 2496 2544 2604 2616 2652 2664 2688 2712 2724 2736 2724 2748 2760 7224 2928 62536 62560 828 65416 65428 65428 65440 65428 372 696 1140 1464 1728 1920 2076 54652 62464 2376 516 636 1008 65452 1296 1716 1932 0 660 2244 2484 2544 2580 2652 2676 2664 2568 648 63796 63604 63364 63376 63316 63244 63184 63136 63124 63064 63148 63028 63016 63028 62980 62956 63004 63004 62980 62908 62944 62932 62884 62884 62908 62944 62944 62920 62884 62860 62944 62956 62944 62944 62884 62896 62920 62872 62848 62920 62932 62884 63016 62920 62956 62860 62884 62932 62980 ]
[ 984 65428 65416 65404 65428 65404 65428 65416 65440 65416 65404 65392 65428 65404 65404 65416 65404 65428 65428 65428 0 216 336 456 552 648 768 816 876 960 1056 1128 1116 6000 2928 62536 62560 1620 65416 65428 65428 65428 65416 65416 65416 65404 65428 65404 65404 65404 47728 59716 65404 65392 65440 65404 65452 65404 65416 65416 65404 65416 180 516 624 780 900 1020 1080 2256 576 64144 63904 63700 63640 63664 63544 63508 63448 63424 63376 63484 63328 63400 63220 63256 63244 63292 63304 63256 63148 63220 63172 63136 63124 63172 63196 63220 63184 63124 63088 63172 63160 63220 63220 63160 63100 63172 63100 63124 63136 63148 63124 63316 63136 63196 63124 63112 63136 63220 ]
[ 2772 2640 1944 1008 65488 65392 65416 65416 65428 65404 84 588 948 1332 1548 1836 1968 2148 2232 2340 2412 2472 2532 2568 2592 2616 2652 2652 2652 2652 2640 2640 2676 6840 2928 62536 62560 516 65404 65416 65416 65416 65416 216 552 1008 1356 1620 1812 1968 54028 62464 2256 348 456 804 65452 1140 1572 1824 65404 480 2112 2388 2472 2556 2616 2640 2652 2400 468 63652 63436 63184 63208 63124 63064 62980 62968 62944 62944 62956 62872 62872 62836 62800 62788 62836 62788 62812 62752 62752 62740 62716 62716 62728 62788 62776 62728 62692 62680 62788 62752 62776 62776 62716 62704 62764 62680 62704 62692 62728 62728 62836 62716 62788 62692 62692 62716 62800 ]
[ 996 65428 65416 65404 65416 65380 65416 65404 65428 65416 65404 65392 65440 65404 65404 65416 65380 65428 65428 65428 65428 65416 65524 120 252 348 456 504 564 648 696 828 804 6000 2928 62536 62560 1488 65404 65416 65416 65416 65416 65416 65416 65404 65428 65416 65404 65404 48016 57892 65404 65392 65440 65380 65440 65392 65416 65416 65404 65404 65404 156 288 432 576 720 792 2076 324 64156 63844 63664 63604 63616 63448 63460 63364 63352 63268 63400 63268 63280 63184 63208 63148 63172 63184 63160 63088 63124 63088 63052 63052 63136 63124 63112 63112 63040 63004 63172 63100 63124 63124 63040 63016 63100 63040 63052 63088 63052 63124 63220 63028 63112 62992 63064 63064 63148 ]
];
house_keep = [
[ 35666 35668 35674 35631 34832 34832 34832 0 ]
[ 30504 30365 30400 30336 29648 29656 29656 0 ]
[ 35496 35499 35498 35472 34664 34664 34664 0 ]
[ 24671 24786 24848 24872 24299 24245 24218 0 ]
[ 24671 24786 24848 24872 24299 24245 24218 0 ]
];
config = [309 616 2 1 0 ]