sensors_x = [
[ 63868 63784 63496 63760 63508 63796 63724 63880 63904 63892 63604 63760 63796 63808 63760 63748 63532 63724 63880 63904 63856 63676 63784 63712 63652 63772 63784 63748 63748 63748 63712 63772 63652 63712 63724 63760 63724 63640 63676 63520 63736 63772 63880 63808 63712 63820 63748 63748 63676 63412 63604 63736 63736 63688 63724 63856 63640 63700 63688 63748 63592 63856 63640 63640 63472 63460 63640 63496 63544 63448 63688 63676 63484 63796 63640 63748 63784 63736 63784 63592 63904 63700 63628 63712 63604 63796 63868 63664 63832 63592 63760 63748 63688 63508 63760 63748 63760 63904 63568 63664 0 0 0 0 0 ]
[ 65320 65332 65320 65308 65320 65320 65356 65320 65344 65320 65332 65332 65344 65356 65344 65356 65344 65344 65308 65344 65332 65308 65308 65356 65308 65344 65344 65332 65320 65296 65332 65332 65332 65356 65308 65356 65332 65320 65320 65344 65344 65332 65320 65332 65308 65332 65308 65320 65320 65308 65320 65308 65308 65320 65356 65356 65356 65356 65344 65332 65344 65356 65320 65332 65344 65332 65332 65332 65296 65344 65332 65308 65308 65296 65272 65308 65320 65320 65332 65332 65332 65308 65320 65332 65296 65356 65380 65320 65344 65332 65308 65320 65284 65332 65308 65284 65308 65344 65344 65320 0 0 0 0 0 ]
[ 64840 64828 64828 64840 64840 64840 64828 64840 64840 64840 64840 64840 64840 64840 64840 64840 64840 64840 64840 64840 64840 64840 64816 64840 64840 64828 64828 64828 64840 64840 64816 64804 64840 64816 64816 64840 64828 64828 64840 64828 64804 64840 64840 64816 64816 64828 64816 64840 64816 64816 64828 64816 64828 64828 64840 64816 64804 64816 64828 64816 64828 64828 64816 64816 64816 64816 64804 64804 64828 64828 64804 64816 64804 64804 64828 64816 64816 64816 64816 64804 64804 64828 64828 64816 64816 64828 64816 64804 64804 64804 64804 64804 64816 64816 64828 64816 64804 64804 64804 64804 0 0 0 0 0 ]
[ 63808 63796 63940 63772 63688 63784 63904 63856 63736 63736 63796 63808 63904 63760 63808 63832 63856 63868 63700 63772 63760 63808 63868 63808 63844 63748 63736 63772 63736 63748 63748 63784 63796 63748 63568 63748 63868 63736 63784 63760 63832 63856 63724 63808 63772 63760 63736 63796 63832 63856 63760 63736 63748 63736 63748 63748 63784 63772 63736 63640 63820 63724 63736 63676 63664 63688 63724 63772 63772 63784 63724 63880 63868 63748 63736 63760 63760 63748 63808 63808 63772 63736 63736 63820 63760 63796 63700 63664 63784 63748 63784 63772 63724 63844 63904 63784 63808 63748 63676 63748 0 0 0 0 0 ]
];
sensors_y = [
[ 60844 60664 60712 60844 60772 60796 60724 60976 60976 60844 60748 60664 60772 60952 60712 60796 60820 60724 60760 60760 60808 60772 60784 60808 60892 60844 60808 60748 60916 60724 60664 60700 60676 60760 60652 60808 60796 60640 60628 60688 60664 60772 60952 60904 60784 60844 60724 60916 60916 60772 60748 60568 60712 60664 60724 60712 60712 60916 60616 60724 60892 60928 61000 60880 60748 60772 60760 60736 60640 60616 60736 60556 60796 60868 60760 60724 60808 60568 60760 60928 60832 60868 60820 60664 60796 60700 60628 60832 60832 60760 60928 60892 60616 60724 60688 60724 60616 60712 60736 60784 0 0 0 0 0 ]
[ 64840 64804 64816 64828 64840 64840 64780 64840 64816 64864 64876 64876 64840 64780 64816 64780 64804 64852 64828 64816 64852 64828 64828 64780 64828 64816 64864 64804 64816 64816 64876 64804 64804 64780 64828 64780 64876 64816 64816 64816 64840 64876 64864 64852 64828 64804 64828 64840 64840 64828 64840 64852 64828 64816 64780 64804 64792 64780 64816 64876 64864 64852 64864 64876 64840 64840 64804 64876 64816 64804 64876 64828 64828 64816 64792 64828 64864 64864 64876 64852 64804 64804 64840 64876 64816 64792 64756 64864 64804 64804 64852 64840 64804 64876 64828 64828 64828 64840 64804 64840 0 0 0 0 0 ]
[ 41992 42004 42004 41992 41992 41992 42004 41992 41992 41992 41992 41992 41992 41992 41992 41992 41992 41992 41992 41992 41992 41992 41992 41992 41992 41980 41980 41980 41992 41992 41968 41980 41992 41968 41968 41992 41980 41980 41992 41980 41980 41992 41992 41968 41968 41980 41992 41992 41968 41980 41980 41968 41980 41980 41992 41968 41980 41968 41980 41968 41980 41980 41968 41992 41968 41968 41980 41980 41980 41980 41980 41968 41980 41980 41980 41968 41968 41968 41980 41980 41980 41980 41980 41968 41968 41980 41968 41980 41980 41980 41980 41980 41980 41980 41980 41968 41980 41980 41980 41980 0 0 0 0 0 ]
[ 62224 62152 62104 62212 62104 62152 62248 62116 62176 62200 62224 62200 62224 62224 62200 62176 62152 62092 62116 62356 62176 62200 62140 62176 62236 62236 62224 62212 62104 62236 62164 62200 62212 62140 62248 61996 62164 62296 62200 62104 62188 62272 62236 62176 62140 62224 62176 62188 62176 62104 62224 62224 62188 62176 62188 62260 62224 62284 62152 62152 62164 62260 62224 62116 62260 62128 62188 62236 62212 62152 62188 62008 62188 62188 62248 62188 62236 62164 62164 62152 62140 62176 62152 62236 62224 62116 62212 62200 62200 62212 62224 62212 62188 62236 62344 62200 62200 62140 62212 62188 0 0 0 0 0 ]
];
house_keep = [
[ 46989 46973 46957 46945 46930 46909 0 ]
[ 32674 32674 32674 32674 32672 32671 0 ]
[ 65218 65214 65215 65210 65209 65210 0 ]
[ 47629 47787 47933 48066 48193 48314 0 ]
[ 47629 47787 47933 48066 48193 48314 0 ]
];
config = [309 616 2 1 0 ]