sensors_x = [
[ 19332 19212 19212 19212 19200 19188 19188 19188 19176 19164 19176 19176 19176 19176 19176 19176 19188 19188 19188 19188 19200 19188 19188 19188 19188 19176 19188 19188 19188 19176 19176 19200 19188 19176 19176 19164 19176 19176 19176 19176 19176 19176 19176 19188 19176 19188 19176 19176 19176 19176 19176 19176 19176 19176 19176 19176 19176 19176 19176 19176 19176 19176 19176 19176 19176 19188 19188 19188 19188 19188 19188 19176 19188 19188 19188 19188 19188 19188 19188 19188 19176 19188 19188 19164 19188 19188 19188 19176 19188 19188 19188 19188 19188 19188 19188 19188 19188 19188 19188 19164 19176 19176 19164 19188 19188 19188 19188 19176 19188 19188 19164 19164 19188 19152 19164 19164 19176 19164 19164 19164 ]
[ 19380 19356 19368 19344 19356 19344 19344 19344 19356 19356 19356 19332 19332 19332 19332 19332 19332 19332 19332 19332 19308 19320 19320 19320 19320 19320 19320 19320 19320 19320 19320 19320 19320 19320 19320 19320 19332 19332 19332 19332 19332 19320 19320 19320 19332 19332 19308 19344 19344 19344 19332 19344 19332 19332 19332 19332 19332 19344 19332 19344 19332 19332 19332 19332 19332 19332 19332 19332 19332 19332 19332 19332 19332 19332 19320 19332 19320 19332 19332 19332 19332 19332 19332 19332 19320 19320 19332 19332 19332 19332 19332 19332 19320 19332 19332 19320 19332 19332 19332 19332 19332 19320 19320 19332 19320 19320 19332 19320 19332 19332 19320 19320 19332 19332 19320 19332 19320 19320 19320 19332 ]
[ 13320 13980 14028 13992 14028 14004 14016 13980 14004 14016 14016 14016 14016 14016 14016 14016 14016 14016 14016 14016 13992 14004 14016 14016 14016 14004 13992 14016 14004 13992 14004 13980 14004 13992 13992 13980 13992 13992 13992 13992 13992 13992 13992 13992 13992 13992 13992 13980 13992 13980 13956 13968 13968 13968 13968 13968 13980 13968 13956 13956 13956 13956 13956 13956 13968 13968 13956 13944 13956 13920 13932 13944 13920 13968 13956 13932 13932 13932 13968 13968 13944 13956 13968 13920 13944 13944 13956 13944 13956 13944 13944 13956 13932 13956 13968 13944 13968 13980 13956 13956 13932 13968 13956 13968 13956 13968 13980 13968 13956 13956 13956 13968 13968 13896 13956 13980 13980 13980 13992 13968 ]
[ 6324 6756 6840 6828 6828 6828 6840 6816 6840 6852 6852 6864 6852 6876 6840 6864 6864 6864 6924 6864 6912 6900 6852 6852 6888 6828 6852 6840 6888 6852 6852 6816 6864 6900 6840 6888 6900 6888 6864 6900 6900 6852 6888 6876 6900 6840 6852 6912 6888 6900 6900 6924 6876 6924 6900 6900 6888 6840 6828 6852 6888 6888 6888 6900 6900 6900 6888 6852 6840 6888 6852 6888 6852 6900 6888 6888 6888 6852 6852 6852 6852 6852 6864 6888 6804 6864 6864 6828 6840 6828 6852 6840 6852 6864 6840 6852 6852 6912 6864 6876 6888 6900 6852 6840 6840 6840 6840 6852 6852 6852 6828 6864 6852 6828 6840 6924 6888 6864 6840 6912 ]
];
sensors_y = [
[ 3900 4308 4332 4356 4380 4380 4380 4380 4416 4404 4416 4416 4416 4416 4416 4416 4428 4428 4428 4428 4464 4428 4428 4428 4428 4440 4428 4428 4428 4440 4440 4440 4476 4464 4464 4452 4464 4464 4464 4464 4464 4464 4464 4500 4512 4452 4512 4512 4512 4512 4512 4512 4512 4512 4512 4512 4512 4512 4512 4512 4512 4512 4512 4512 4536 4524 4524 4536 4536 4548 4548 4536 4548 4548 4548 4548 4548 4548 4548 4548 4536 4548 4548 4572 4548 4548 4548 4560 4548 4524 4548 4548 4548 4548 4548 4548 4548 4548 4548 4572 4560 4560 4572 4548 4548 4548 4548 4560 4548 4548 4572 4572 4548 4584 4572 4572 4560 4572 4572 4572 ]
[ 65236 588 744 768 780 792 792 792 804 804 804 828 828 852 828 852 852 852 852 888 900 912 888 888 888 912 912 912 912 912 912 912 912 912 912 912 924 924 924 924 924 936 936 936 972 924 948 984 1008 996 996 984 996 996 996 996 996 1008 1020 1008 1020 1020 1020 1020 1020 1020 1020 1020 1020 1020 1020 1020 1020 1020 1032 1020 1032 1020 1020 1020 1020 1020 1020 1044 1032 1032 1020 1020 1020 1020 1020 1020 1032 1020 1020 1032 1020 1020 1020 1020 1044 1032 1032 1020 1032 1032 1020 1032 1020 1020 1032 1032 1020 1044 1032 1044 1032 1032 1032 1044 ]
[ 816 1524 1716 1752 1812 1812 1824 1788 1836 1848 1848 1848 1848 1848 1848 1848 1848 1848 1848 1848 1896 1860 1848 1848 1848 1872 1872 1848 1884 1872 1884 1884 1884 1872 1872 1884 1896 1896 1896 1896 1896 1896 1896 1896 1896 1872 1896 1908 1896 1908 1932 1920 1920 1920 1920 1920 1920 1920 1932 1932 1932 1932 1932 1932 1932 1920 1932 1944 1932 1968 1956 1956 1968 1920 1932 1956 1956 1956 1920 1920 1944 1944 1920 1968 1944 1944 1932 1944 1932 1920 1944 1932 1956 1944 1932 1944 1920 1908 1932 1932 1956 1920 1932 1920 1932 1920 1908 1920 1932 1932 1932 1920 1920 1968 1932 1920 1908 1908 1908 1920 ]
[ 64108 64180 64216 64228 64228 64228 64240 64240 64216 64228 64228 64240 64228 64264 64216 64240 64240 64264 64300 64240 64288 64276 64228 64228 64264 64228 64264 64216 64264 64228 64252 64264 64240 64276 64216 64264 64276 64264 64288 64276 64276 64252 64264 64288 64276 64216 64264 64288 64312 64276 64276 64300 64252 64300 64276 64276 64264 64264 64228 64264 64264 64264 64264 64276 64276 64276 64264 64300 64240 64264 64228 64264 64276 64276 64264 64264 64264 64252 64228 64228 64228 64228 64240 64288 64300 64240 64240 64228 64240 64228 64228 64216 64228 64240 64216 64228 64228 64288 64240 64252 64276 64276 64228 64216 64216 64276 64216 64228 64228 64228 64252 64240 64228 64300 64264 64300 64264 64240 64264 64288 ]
];
house_keep = [
[ 38966 38965 38969 38967 38964 38967 38969 0 ]
[ 32666 32661 32662 32662 32663 32661 32660 0 ]
[ 38962 38960 38961 38962 38961 38957 38959 0 ]
[ 48889 48978 49054 49141 49218 49306 49381 0 ]
[ 48889 48978 49054 49141 49218 49306 49381 0 ]
];
config = [309 616 2 1 0 ]