sensors_x = [
[ 19548 19224 19176 19176 19176 19152 19164 19152 19140 19152 19164 19176 19152 19164 19164 19176 19176 19176 19164 19164 19164 19176 19176 19164 19176 19164 19164 19176 19176 19176 19176 19164 19176 19176 19176 19176 19164 19188 19164 19176 19176 19188 19176 19176 19164 19176 19176 19176 19164 19176 19164 19152 19176 19176 19176 19176 19176 19176 19176 19176 19176 19176 19164 19176 19176 19176 19164 19164 19176 19176 19176 19164 19164 19176 19176 19164 19152 19152 19176 19176 19164 19164 19176 19152 19176 19164 19176 19176 19176 19176 19164 19164 19176 19164 19164 19152 19176 19164 19140 19140 19164 19152 19164 19152 19164 19140 19152 19152 19140 19140 19152 19176 19152 19140 19152 19140 19152 19152 19152 19152 ]
[ 17160 19356 19296 19308 19308 19332 19332 19332 19332 19332 19332 19332 19332 19332 19332 19320 19320 19332 19320 19320 19320 19320 19320 19320 19320 19320 19320 19320 19332 19320 19320 19320 19320 19320 19320 19320 19320 19308 19332 19320 19320 19320 19332 19320 19320 19332 19320 19332 19320 19320 19332 19332 19332 19320 19332 19320 19332 19320 19320 19332 19332 19344 19320 19332 19332 19308 19320 19332 19332 19332 19332 19332 19332 19332 19320 19332 19320 19308 19332 19320 19320 19320 19320 19320 19320 19320 19332 19320 19320 19320 19320 19320 19320 19320 19320 19320 19320 19320 19308 19320 19308 19320 19320 19308 19320 19320 19308 19320 19320 19320 19320 19320 19308 19320 19320 19320 19308 19308 19308 19308 ]
[ 11568 13680 13932 13956 13932 13932 13932 13932 13932 13932 13920 13932 13920 13920 13920 13920 13920 13920 13920 13920 13920 13920 13920 13920 13920 13908 13920 13920 13920 13908 13908 13908 13920 13920 13920 13920 13920 13920 13920 13920 13920 13920 13920 13908 13920 13920 13908 13908 13908 13908 13908 13908 13908 13908 13908 13908 13908 13908 13908 13920 13908 13908 13908 13908 13896 13908 13908 13908 13896 13908 13896 13908 13908 13896 13896 13896 13896 13908 13884 13896 13896 13896 13896 13908 13896 13896 13896 13908 13896 13896 13908 13896 13908 13908 13908 13908 13908 13896 13884 13896 13908 13908 13908 13908 13908 13908 13896 13932 13908 13896 13896 13896 13884 13896 13896 13896 13896 13896 13896 13896 ]
[ 5508 6636 6816 6888 6912 6900 6924 6900 6864 6912 6876 6936 6900 6864 6900 6900 6912 6936 6924 6900 6924 6900 6924 6900 6912 6912 6924 6924 6912 6888 6864 6900 6900 6912 6924 6864 6912 6900 6888 6924 6924 6936 6924 6924 6924 6924 6900 6912 6912 6888 6924 6924 6924 6912 6888 6900 6924 6876 6924 6924 6924 6924 6900 6924 6888 6864 6924 6924 6900 6900 6888 6924 6924 6888 6900 6912 6900 6912 6888 6888 6912 6924 6900 6900 6912 6900 6924 6912 6900 6816 6888 6900 6888 6900 6900 6900 6900 6900 6816 6912 6924 6912 6924 6900 6900 6912 6876 6900 6864 6900 6852 6852 6852 6852 6876 6864 6876 6864 6852 6852 ]
];
sensors_y = [
[ 2460 4296 4416 4440 4440 4464 4476 4488 4476 4488 4500 4464 4488 4500 4500 4512 4512 4512 4500 4500 4500 4512 4512 4524 4512 4524 4524 4512 4512 4536 4536 4572 4536 4536 4536 4512 4524 4536 4524 4536 4536 4536 4560 4536 4548 4536 4536 4560 4524 4560 4572 4536 4560 4536 4560 4560 4560 4536 4560 4512 4560 4560 4572 4560 4560 4536 4548 4548 4560 4560 4560 4548 4548 4560 4560 4560 4584 4584 4572 4572 4548 4572 4560 4560 4560 4572 4560 4560 4560 4560 4572 4548 4560 4572 4548 4536 4560 4548 4596 4548 4524 4584 4584 4584 4548 4572 4584 4560 4572 4572 4584 4572 4560 4572 4560 4572 4584 4584 4584 4584 ]
[ 64120 516 888 972 972 1008 1020 1020 1020 1020 1020 1020 1020 1020 1020 1032 1032 1020 1032 1032 1032 1032 1032 1032 1032 1056 1032 1032 1044 1056 1032 1056 1056 1056 1056 1032 1056 1044 1044 1056 1056 1056 1068 1080 1056 1068 1080 1092 1080 1080 1092 1092 1092 1104 1092 1104 1092 1080 1104 1068 1104 1104 1104 1116 1116 1092 1104 1116 1116 1116 1128 1116 1116 1116 1128 1116 1128 1140 1116 1128 1128 1128 1128 1128 1128 1128 1116 1128 1128 1128 1128 1128 1128 1128 1128 1128 1128 1128 1140 1128 1116 1128 1128 1140 1128 1128 1140 1128 1128 1128 1140 1128 1140 1140 1128 1128 1140 1140 1140 1140 ]
[ 192 1464 1932 2028 2076 2076 2076 2076 2076 2076 2088 2076 2088 2088 2088 2088 2088 2088 2088 2088 2088 2088 2088 2088 2088 2100 2088 2088 2088 2100 2100 2100 2088 2088 2088 2088 2088 2088 2088 2088 2088 2088 2088 2100 2088 2088 2100 2100 2100 2100 2100 2100 2100 2100 2100 2100 2100 2100 2100 2088 2100 2100 2100 2100 2112 2100 2100 2100 2112 2100 2112 2100 2100 2112 2112 2112 2112 2124 2124 2112 2112 2112 2112 2124 2112 2136 2112 2124 2112 2112 2100 2112 2124 2124 2100 2124 2124 2112 2148 2112 2100 2124 2124 2124 2124 2124 2136 2124 2124 2136 2136 2136 2148 2136 2136 2136 2136 2136 2136 2136 ]
[ 64372 64396 64432 64480 64492 64564 64468 64492 64552 64480 64516 64456 64492 64504 64492 64516 64528 64456 64540 64492 64468 64492 64468 64492 64480 64492 64468 64468 64456 64480 64456 64492 64456 64456 64468 64408 64456 64444 64444 64468 64468 64456 64468 64468 64468 64468 64468 64456 64456 64456 64468 64468 64468 64456 64432 64468 64468 64420 64468 64444 64468 64468 64468 64468 64480 64456 64468 64468 64492 64492 64480 64480 64468 64480 64492 64480 64492 64480 64480 64480 64480 64468 64492 64492 64480 64492 64468 64480 64504 64528 64528 64492 64480 64492 64492 64492 64492 64492 64528 64528 64468 64480 64468 64492 64492 64480 64540 64516 64576 64528 64564 64564 64564 64564 64540 64552 64588 64576 64564 64564 ]
];
house_keep = [
[ 38961 38957 38957 38959 38957 38972 38954 0 ]
[ 32651 32653 32651 32652 32651 32651 32650 0 ]
[ 38952 38952 38952 38951 38954 38954 38951 0 ]
[ 50062 50109 50161 50202 50224 50273 50301 0 ]
[ 50062 50109 50161 50202 50224 50273 50301 0 ]
];
config = [309 616 2 1 0 ]