sensors_x = [
[ 19572 19224 19176 19188 19188 19176 19188 19176 19188 19176 19164 19176 19164 19164 19164 19164 19176 19164 19164 19176 19176 19176 19176 19176 19176 19176 19176 19176 19176 19176 19176 19176 19176 19176 19176 19176 19176 19176 19176 19176 19176 19176 19188 19176 19176 19176 19188 19176 19188 19176 19176 19176 19188 19188 19188 19176 19176 19176 19188 19188 19188 19188 19176 19188 19176 19188 19176 19176 19176 19176 19176 19176 19176 19188 19176 19188 19176 19176 19176 19188 19176 19176 19176 19188 19176 19176 19176 19176 19188 19176 19176 19188 19176 19188 19176 19188 19188 19176 19176 19188 19188 19188 19188 19188 19188 19188 19176 19176 19188 19176 19176 19188 19176 19176 19188 19188 19176 19176 19188 19176 ]
[ 17184 19380 19356 19332 19320 19308 19308 19320 19320 19320 19320 19320 19320 19320 19320 19320 19308 19320 19320 19320 19308 19332 19320 19320 19320 19320 19320 19320 19320 19320 19320 19320 19320 19320 19320 19320 19320 19332 19296 19320 19332 19308 19308 19320 19320 19320 19296 19320 19296 19320 19320 19344 19344 19308 19332 19320 19332 19320 19308 19320 19320 19320 19344 19344 19296 19320 19308 19332 19296 19320 19332 19320 19308 19320 19308 19320 19320 19332 19320 19320 19308 19332 19320 19332 19332 19332 19320 19332 19320 19320 19320 19320 19332 19332 19320 19320 19320 19320 19332 19332 19332 19332 19332 19332 19320 19344 19332 19332 19320 19320 19332 19332 19332 19332 19320 19320 19332 19332 19332 19332 ]
[ 11604 13752 14016 14028 14004 14004 14004 14016 14016 14016 14004 14016 14004 14016 14016 14016 14016 14028 14028 14016 14004 14004 14004 14004 13992 14028 14016 14004 14004 14016 14004 14016 14004 14016 14016 14004 14004 13992 13992 13992 14004 13992 14004 14004 14004 13992 13992 14004 14004 14004 13992 14016 13992 13992 13992 13992 13980 13992 13992 13992 13992 13992 13992 13980 13992 13992 13992 13980 13980 13992 13956 13992 13968 13968 13980 13956 13956 13956 13956 13956 13956 13968 13956 13944 13956 13944 13944 13908 13932 13932 13908 13908 13932 13908 13920 13908 13944 13908 13908 13908 13920 13908 13920 13920 13920 13932 13932 13932 13932 13932 13932 13956 13956 13920 13944 13956 13932 13932 13932 13932 ]
[ 5496 6624 6804 6876 6888 6900 6924 6924 6924 6912 6876 6852 6912 6900 6864 6876 6888 6924 6876 6876 6852 6888 6852 6900 6888 6900 6900 6864 6852 6888 6888 6864 6852 6876 6888 6864 6876 6852 6864 6876 6888 6852 6864 6864 6864 6852 6840 6888 6876 6828 6840 6876 6888 6876 6876 6864 6852 6864 6852 6852 6852 6900 6852 6852 6864 6852 6864 6900 6888 6864 6876 6864 6876 6876 6900 6876 6876 6924 6888 6876 6888 6876 6876 6912 6876 6912 6924 6876 6876 6876 6876 6888 6900 6924 6888 6888 6924 6912 6924 6888 6924 6876 6924 6900 6876 6924 6900 6900 6900 6924 6900 6900 6924 6888 6924 6936 6924 6888 6912 6900 ]
];
sensors_y = [
[ 2460 4272 4416 4428 4428 4440 4452 4440 4488 4488 4500 4488 4476 4500 4500 4500 4512 4500 4500 4512 4512 4512 4512 4512 4512 4512 4512 4512 4488 4512 4512 4512 4512 4512 4512 4512 4512 4512 4512 4512 4512 4512 4524 4512 4512 4512 4524 4512 4524 4512 4512 4512 4548 4524 4548 4536 4536 4512 4524 4536 4524 4524 4512 4524 4512 4524 4536 4512 4524 4512 4536 4512 4512 4524 4512 4536 4536 4536 4536 4536 4536 4512 4536 4524 4512 4512 4536 4536 4524 4536 4512 4524 4536 4524 4536 4536 4524 4536 4536 4524 4524 4524 4524 4524 4524 4524 4536 4536 4524 4536 4536 4536 4536 4512 4524 4524 4536 4536 4548 4536 ]
[ 64048 384 780 840 888 900 900 912 912 912 912 912 912 912 924 924 924 912 924 936 948 948 984 948 936 936 936 936 912 936 936 936 936 936 936 936 936 984 960 948 996 972 960 936 936 960 960 936 960 936 936 960 1008 972 996 984 960 984 972 960 960 984 960 984 960 984 972 996 960 936 996 936 948 984 960 984 984 996 984 984 972 996 984 996 996 996 1008 1020 984 984 984 984 996 996 1008 1008 1008 984 996 996 1020 1020 1020 1020 1008 1020 1020 1020 1008 1008 1020 1020 1020 1020 984 984 1020 1020 1020 1020 ]
[ 84 1272 1680 1764 1812 1812 1836 1848 1848 1848 1836 1848 1836 1848 1848 1848 1848 1860 1860 1848 1860 1860 1884 1884 1872 1860 1848 1860 1836 1848 1860 1848 1860 1848 1848 1884 1884 1872 1872 1872 1860 1872 1860 1872 1884 1896 1872 1884 1884 1860 1884 1896 1896 1896 1896 1896 1908 1896 1896 1896 1896 1896 1896 1908 1896 1908 1896 1908 1920 1908 1932 1896 1920 1920 1908 1932 1932 1932 1932 1932 1932 1920 1932 1944 1932 1944 1944 1980 1956 1956 1980 1980 1956 1980 1980 1980 1968 1980 1980 1980 1992 1980 1992 1992 1992 2004 2004 2004 2004 2004 2004 2028 2028 1992 2016 1980 2004 2004 2004 2004 ]
[ 64264 64240 64252 64264 64288 64276 64312 64300 64300 64288 64324 64372 64312 64324 64360 64348 64336 64300 64348 64348 64372 64336 64396 64396 64360 64324 64324 64360 64324 64348 64336 64360 64396 64360 64336 64360 64372 64372 64384 64348 64360 64396 64360 64384 64384 64396 64384 64360 64372 64372 64384 64396 64384 64372 64372 64384 64396 64384 64396 64396 64396 64396 64396 64396 64408 64396 64384 64420 64432 64408 64420 64384 64420 64420 64420 64420 64420 64444 64432 64420 64432 64420 64420 64456 64420 64456 64468 64468 64420 64420 64420 64432 64468 64468 64456 64432 64468 64456 64468 64480 64468 64468 64468 64444 64468 64468 64492 64492 64492 64468 64492 64492 64468 64480 64468 64456 64468 64480 64480 64492 ]
];
house_keep = [
[ 38965 38962 38965 38962 38961 38962 38961 0 ]
[ 32658 32659 32661 32655 32658 32655 32656 0 ]
[ 38957 38957 38958 38955 38956 38955 38955 0 ]
[ 49478 49554 49610 49678 49725 49786 49829 0 ]
[ 49478 49554 49610 49678 49725 49786 49829 0 ]
];
config = [309 616 2 1 0 ]