sensors_x = [
[ 19548 19164 19152 19152 19164 19176 19152 19164 19188 19128 19152 19164 19140 19152 19152 19164 19152 19152 19152 19152 19140 19140 19140 19128 19152 19128 19140 19140 19128 19140 19128 19140 19152 19140 19140 19128 19152 19152 19128 19140 19116 19140 19116 19140 19152 19140 19152 19128 19140 19140 19140 19140 19128 19128 19152 19140 19116 19128 19140 19116 19128 19128 19092 19128 19116 19128 19116 19140 19140 19128 19140 19116 19128 19140 19128 19116 19140 19128 19128 19128 19128 19128 19128 19128 19140 19104 19104 19140 19116 19092 19104 19116 19116 19104 19092 19104 19092 19092 19104 19092 19080 19080 19080 19080 19092 19080 19080 19080 19092 19080 19092 19068 19080 19068 19080 19068 19092 19080 19080 19068 ]
[ 17124 19356 19320 19320 19308 19320 19320 19320 19320 19308 19320 19308 19332 19320 19332 19332 19332 19332 19332 19332 19320 19332 19308 19320 19308 19308 19308 19308 19308 19284 19308 19296 19296 19296 19296 19296 19296 19308 19296 19296 19284 19296 19284 19284 19284 19296 19332 19284 19284 19284 19284 19272 19296 19284 19296 19284 19284 19284 19284 19284 19284 19284 19284 19284 19284 19284 19284 19284 19284 19284 19296 19284 19284 19284 19296 19284 19296 19308 19296 19296 19296 19284 19284 19284 19284 19296 19296 19296 19296 19272 19296 19296 19284 19296 19284 19284 19272 19284 19284 19284 19284 19296 19272 19272 19284 19272 19272 19284 19284 19284 19284 19272 19272 19284 19284 19284 19296 19272 19284 19284 ]
[ 11592 13644 13908 13896 13908 13908 13896 13896 13896 13884 13872 13884 13896 13896 13884 13896 13896 13884 13884 13896 13884 13884 13896 13860 13896 13884 13860 13860 13872 13860 13824 13848 13848 13848 13848 13848 13848 13872 13848 13848 13824 13848 13860 13848 13848 13848 13884 13860 13848 13848 13860 13848 13848 13848 13872 13848 13848 13860 13860 13848 13848 13860 13836 13848 13848 13848 13860 13872 13848 13848 13848 13848 13860 13860 13860 13860 13860 13872 13860 13848 13836 13848 13836 13836 13836 13824 13824 13848 13860 13860 13848 13848 13848 13836 13824 13824 13824 13848 13836 13836 13848 13848 13860 13836 13836 13824 13848 13824 13824 13848 13824 13836 13848 13848 13848 13824 13836 13848 13848 13848 ]
[ 5484 6636 6828 6864 6924 6924 6924 6924 6924 6888 6900 6924 6912 6876 6888 6900 6924 6924 6912 6948 6936 6912 6876 6900 6912 6888 6936 6924 6900 6852 6852 6912 6924 6924 6936 6900 6888 6924 6912 6876 6876 6912 6900 6924 6888 6924 6912 6924 6924 6924 6936 6912 6924 6924 6876 6924 6924 6924 6900 6936 6924 6900 6840 6924 6864 6876 6912 6924 6876 6924 6924 6864 6924 6924 6924 6900 6924 6936 6924 6864 6924 6876 6924 6912 6924 6912 6900 6900 6924 6924 6900 6900 6900 6900 6852 6864 6888 6852 6912 6888 6888 6912 6852 6888 6852 6852 6852 6852 6876 6852 6864 6876 6852 6876 6876 6852 6864 6864 6876 6876 ]
];
sensors_y = [
[ 2532 4332 4488 4512 4524 4536 4512 4524 4548 4560 4560 4572 4548 4560 4560 4572 4560 4560 4560 4584 4572 4572 4572 4560 4572 4560 4572 4572 4560 4572 4608 4572 4584 4572 4572 4584 4584 4584 4584 4572 4608 4572 4572 4572 4584 4572 4560 4584 4572 4584 4596 4572 4584 4584 4584 4596 4572 4584 4596 4572 4584 4584 4620 4584 4572 4584 4572 4596 4596 4596 4596 4596 4584 4596 4584 4596 4596 4560 4584 4608 4608 4584 4608 4608 4596 4608 4608 4596 4596 4620 4644 4596 4620 4584 4644 4632 4644 4620 4632 4644 4632 4608 4632 4632 4644 4632 4632 4608 4644 4632 4644 4620 4632 4620 4632 4620 4644 4632 4632 4620 ]
[ 64228 612 1032 1128 1116 1128 1128 1128 1128 1164 1152 1140 1164 1152 1164 1164 1164 1164 1164 1164 1176 1164 1188 1176 1188 1188 1188 1188 1188 1188 1212 1200 1200 1200 1200 1200 1200 1212 1200 1236 1236 1224 1236 1236 1236 1224 1164 1236 1236 1236 1236 1224 1224 1236 1224 1236 1236 1236 1236 1236 1236 1236 1236 1236 1236 1236 1236 1236 1236 1236 1248 1236 1236 1236 1248 1260 1248 1212 1248 1248 1248 1236 1236 1260 1260 1248 1248 1248 1248 1272 1248 1248 1260 1248 1284 1260 1272 1260 1260 1260 1260 1248 1272 1272 1284 1272 1272 1260 1284 1284 1284 1272 1272 1284 1284 1284 1344 1296 1284 1308 ]
[ 288 1596 2028 2112 2124 2124 2136 2136 2136 2148 2160 2148 2148 2136 2148 2136 2136 2148 2172 2160 2172 2148 2208 2220 2160 2184 2220 2196 2208 2220 2232 2232 2232 2232 2232 2232 2232 2208 2232 2232 2232 2232 2244 2232 2232 2232 2196 2244 2232 2232 2220 2232 2232 2232 2208 2232 2232 2220 2220 2232 2232 2220 2244 2232 2232 2232 2232 2220 2232 2232 2232 2232 2220 2244 2244 2244 2244 2208 2244 2256 2244 2232 2220 2244 2244 2232 2232 2232 2244 2268 2256 2232 2256 2244 2232 2232 2232 2256 2244 2244 2256 2256 2268 2244 2244 2232 2256 2232 2232 2256 2232 2244 2256 2256 2256 2232 2292 2256 2256 2256 ]
[ 64348 64396 64444 64456 64468 64468 64468 64468 64468 64456 64492 64468 64480 64468 64480 64468 64468 64468 64456 64444 64456 64456 64468 64468 64480 64480 64456 64468 64492 64492 64516 64480 64468 64468 64456 64492 64480 64468 64480 64468 64516 64480 64492 64468 64480 64468 64432 64468 64468 64468 64456 64456 64468 64468 64420 64468 64468 64468 64444 64456 64468 64444 64516 64468 64456 64468 64456 64468 64420 64468 64468 64456 64468 64468 64468 64492 64468 64456 64468 64456 64480 64444 64468 64480 64468 64492 64492 64492 64468 64504 64492 64492 64492 64492 64564 64552 64528 64540 64504 64540 64528 64480 64564 64528 64564 64564 64564 64564 64552 64564 64576 64588 64564 64588 64588 64564 64576 64576 64588 64588 ]
];
house_keep = [
[ 38952 38952 38954 38955 38957 38952 38955 0 ]
[ 32650 32644 32649 32645 32649 32648 32650 0 ]
[ 38950 38948 38950 38952 38953 38949 38949 0 ]
[ 50366 50382 50424 50461 50487 50506 50533 0 ]
[ 50366 50382 50424 50461 50487 50506 50533 0 ]
];
config = [309 616 2 1 0 ]