sensors_x = [
[ 19548 19164 19152 19140 19164 19140 19140 19140 19128 19152 19128 19140 19140 19116 19128 19116 19140 19116 19128 19128 19116 19140 19116 19116 19092 19128 19092 19128 19068 19104 19092 19104 19080 19092 19092 19092 19068 19080 19080 19116 19080 19080 19092 19080 19080 19092 19080 19092 19080 19080 19080 19092 19080 19080 19092 19080 19092 19092 19080 19092 19068 19092 19080 19092 19068 19068 19080 19092 19092 19092 19092 19080 19092 19092 19080 19092 19068 19068 19080 19080 19068 19068 19092 19080 19068 19056 19080 19080 19092 19068 19068 19068 19080 19080 19056 19080 19056 19068 19080 19068 19056 19068 19068 19068 19068 19080 19080 19068 19080 19068 19068 19080 19068 19068 19056 19080 19068 19092 19080 19080 ]
[ 17136 19332 19332 19308 19320 19332 19308 19332 19332 19320 19308 19320 19296 19296 19308 19284 19296 19296 19296 19296 19296 19296 19308 19308 19296 19296 19308 19296 19272 19284 19308 19320 19284 19296 19284 19296 19296 19296 19296 19284 19284 19284 19284 19284 19284 19272 19284 19272 19272 19284 19272 19296 19284 19284 19284 19296 19284 19272 19296 19272 19272 19284 19284 19272 19272 19284 19284 19272 19284 19296 19284 19296 19284 19284 19284 19284 19284 19272 19296 19284 19284 19236 19272 19284 19284 19260 19284 19284 19272 19284 19272 19284 19284 19284 19272 19284 19272 19272 19284 19272 19272 19284 19284 19284 19284 19284 19284 19260 19284 19284 19284 19284 19284 19284 19296 19284 19260 19272 19272 19284 ]
[ 11580 13632 13908 13908 13908 13896 13884 13884 13896 13884 13884 13908 13884 13872 13896 13860 13872 13860 13860 13848 13872 13872 13860 13872 13848 13848 13860 13860 13836 13848 13860 13860 13860 13836 13824 13848 13836 13860 13848 13848 13824 13824 13836 13848 13848 13824 13848 13824 13824 13824 13848 13836 13848 13824 13848 13860 13860 13860 13836 13860 13860 13824 13824 13836 13848 13848 13848 13848 13848 13848 13848 13848 13848 13836 13824 13848 13848 13860 13860 13824 13836 13824 13836 13836 13848 13824 13836 13836 13848 13860 13848 13848 13848 13848 13848 13848 13836 13848 13848 13860 13860 13848 13872 13860 13848 13848 13836 13824 13860 13848 13824 13836 13848 13848 13872 13836 13824 13848 13848 13848 ]
[ 5508 6660 6828 6924 6900 6924 6876 6900 6924 6924 6912 6948 6924 6924 6888 6912 6888 6900 6912 6900 6888 6924 6924 6924 6900 6900 6900 6912 6864 6864 6900 6936 6864 6852 6852 6864 6900 6900 6876 6924 6852 6888 6876 6900 6888 6900 6900 6888 6828 6864 6900 6900 6912 6864 6900 6936 6900 6900 6900 6912 6888 6900 6864 6900 6912 6924 6888 6912 6912 6900 6912 6864 6924 6900 6900 6912 6912 6912 6888 6888 6924 6852 6888 6912 6924 6924 6924 6900 6924 6924 6912 6924 6912 6924 6912 6924 6852 6864 6924 6924 6924 6924 6948 6924 6888 6924 6864 6888 6924 6924 6900 6864 6900 6924 6924 6912 6876 6912 6876 6924 ]
];
sensors_y = [
[ 2580 4380 4560 4548 4572 4572 4572 4572 4560 4584 4560 4572 4572 4596 4560 4572 4596 4572 4584 4584 4596 4596 4584 4572 4596 4584 4620 4584 4620 4608 4620 4608 4632 4644 4644 4620 4620 4632 4632 4596 4632 4632 4644 4632 4632 4644 4632 4644 4632 4632 4632 4644 4632 4632 4644 4632 4644 4644 4632 4644 4620 4644 4656 4644 4620 4644 4656 4656 4644 4644 4644 4632 4644 4668 4632 4644 4644 4644 4644 4644 4644 4620 4644 4644 4644 4632 4632 4656 4668 4644 4644 4644 4656 4656 4632 4656 4632 4644 4656 4644 4632 4644 4644 4644 4644 4656 4632 4644 4656 4644 4644 4656 4644 4644 4656 4656 4644 4668 4656 4656 ]
[ 64288 660 1068 1116 1152 1164 1188 1164 1164 1188 1188 1188 1200 1224 1140 1188 1200 1200 1200 1200 1224 1200 1212 1212 1224 1236 1212 1224 1224 1236 1236 1212 1236 1248 1236 1248 1248 1248 1248 1236 1284 1260 1284 1236 1260 1272 1284 1272 1272 1272 1272 1248 1284 1308 1284 1260 1284 1272 1296 1272 1272 1284 1284 1272 1272 1284 1284 1272 1308 1296 1284 1248 1284 1308 1284 1284 1296 1320 1320 1308 1308 1284 1272 1284 1284 1284 1284 1308 1296 1284 1296 1284 1308 1284 1296 1284 1308 1296 1284 1296 1296 1308 1308 1308 1296 1284 1284 1284 1284 1308 1296 1332 1308 1308 1272 1308 1284 1320 1296 1308 ]
[ 276 1608 2028 2100 2124 2136 2148 2148 2136 2196 2196 2172 2196 2232 2136 2196 2184 2172 2196 2184 2208 2208 2220 2232 2232 2232 2220 2244 2220 2232 2244 2220 2244 2244 2232 2232 2244 2244 2256 2232 2232 2232 2244 2232 2256 2232 2256 2232 2232 2232 2256 2232 2256 2232 2256 2268 2268 2268 2244 2268 2268 2232 2232 2244 2256 2256 2256 2256 2256 2256 2256 2232 2256 2244 2232 2256 2256 2268 2268 2232 2244 2232 2220 2244 2232 2232 2220 2220 2232 2244 2232 2232 2232 2232 2232 2232 2220 2232 2232 2244 2244 2256 2232 2244 2232 2232 2220 2232 2244 2256 2232 2244 2256 2232 2232 2244 2232 2256 2256 2256 ]
[ 64396 64396 64444 64468 64444 64468 64492 64468 64468 64468 64456 64444 64468 64504 64432 64492 64480 64492 64480 64492 64480 64468 64480 64468 64492 64492 64492 64480 64504 64528 64492 64456 64552 64564 64564 64564 64492 64492 64516 64480 64564 64528 64588 64492 64528 64492 64540 64540 64492 64552 64492 64492 64480 64552 64492 64456 64492 64492 64492 64492 64504 64492 64504 64492 64480 64480 64504 64480 64480 64492 64516 64456 64468 64492 64492 64480 64480 64480 64528 64480 64468 64444 64480 64480 64468 64468 64468 64492 64468 64480 64480 64468 64456 64468 64480 64468 64444 64480 64468 64468 64468 64468 64444 64468 64480 64468 64456 64480 64468 64468 64492 64504 64492 64480 64468 64480 64468 64480 64444 64468 ]
];
house_keep = [
[ 38951 38952 38958 38957 38954 38956 38952 0 ]
[ 32646 32648 32645 32648 32647 32647 32645 0 ]
[ 38950 38950 38951 38950 38950 38950 38948 0 ]
[ 50436 50464 50472 50514 50540 50564 50571 0 ]
[ 50436 50464 50472 50514 50540 50564 50571 0 ]
];
config = [309 616 2 1 0 ]