sensors_x = [
[ 19536 19152 19140 19128 19140 19140 19104 19092 19092 19080 19092 19080 19128 19092 19092 19068 19092 19080 19080 19080 19080 19068 19092 19080 19092 19080 19080 19080 19080 19068 19092 19092 19080 19080 19080 19092 19092 19056 19068 19080 19080 19080 19068 19068 19080 19068 19068 19056 19068 19080 19092 19068 19080 19068 19104 19092 19080 19092 19080 19104 19092 19068 19092 19080 19068 19080 19080 19080 19080 19068 19080 19080 19080 19080 19092 19092 19068 19080 19104 19092 19080 19080 19092 19080 19092 19068 19092 19092 19104 19092 19080 19068 19104 19104 19092 19104 19056 19080 19080 19116 19104 19092 19092 19080 19068 19068 19092 19092 19104 19116 19080 19092 19116 19104 19104 19080 19092 19092 19080 19104 ]
[ 17136 19344 19344 19332 19308 19308 19284 19296 19296 19296 19308 19284 19320 19296 19284 19284 19296 19296 19296 19296 19296 19296 19296 19296 19296 19284 19296 19284 19296 19296 19296 19296 19296 19284 19296 19296 19296 19296 19296 19296 19296 19296 19296 19272 19284 19284 19284 19284 19296 19272 19272 19284 19284 19284 19284 19284 19296 19296 19284 19284 19284 19284 19284 19296 19284 19296 19284 19296 19284 19284 19284 19272 19296 19284 19284 19296 19296 19296 19308 19296 19284 19296 19284 19296 19308 19284 19284 19284 19296 19296 19284 19296 19284 19284 19284 19284 19284 19284 19284 19308 19296 19296 19296 19308 19284 19296 19296 19308 19308 19296 19284 19308 19308 19308 19308 19308 19308 19308 19308 19308 ]
[ 11580 13668 13920 13908 13908 13896 13896 13884 13932 13884 13896 13884 13896 13872 13860 13860 13860 13872 13872 13872 13836 13860 13872 13896 13860 13872 13884 13872 13860 13860 13872 13860 13872 13872 13884 13860 13860 13872 13872 13860 13860 13860 13848 13860 13848 13860 13860 13860 13908 13836 13848 13848 13848 13848 13848 13848 13824 13824 13848 13860 13860 13884 13884 13848 13836 13860 13848 13836 13848 13848 13824 13836 13848 13860 13848 13848 13848 13848 13836 13848 13848 13860 13860 13860 13860 13848 13824 13848 13848 13836 13848 13860 13848 13836 13860 13848 13860 13860 13860 13860 13848 13848 13824 13848 13860 13860 13860 13860 13848 13860 13860 13848 13860 13848 13848 13848 13848 13848 13836 13848 ]
[ 5496 6660 6828 6840 6924 6876 6876 6948 6948 6924 6876 6900 6876 6876 6876 6876 6912 6888 6888 6888 6828 6876 6876 6924 6876 6924 6924 6876 6936 6876 6876 6888 6888 6888 6876 6900 6888 6948 6876 6876 6852 6900 6876 6888 6900 6876 6912 6924 6948 6924 6876 6876 6876 6876 6876 6888 6828 6876 6852 6852 6876 6936 6912 6888 6852 6924 6888 6876 6900 6912 6876 6876 6888 6936 6888 6924 6924 6900 6876 6876 6888 6876 6876 6864 6924 6924 6864 6888 6888 6936 6924 6924 6876 6912 6864 6924 6948 6900 6900 6924 6864 6876 6840 6876 6912 6888 6948 6948 6888 6948 6936 6840 6888 6948 6888 6888 6876 6888 6852 6900 ]
];
sensors_y = [
[ 2616 4392 4572 4560 4596 4596 4620 4620 4608 4608 4620 4632 4560 4620 4644 4620 4644 4632 4632 4632 4632 4620 4644 4632 4644 4656 4632 4632 4644 4644 4644 4644 4632 4644 4632 4644 4644 4632 4620 4632 4632 4656 4620 4644 4656 4644 4644 4632 4644 4656 4668 4644 4656 4644 4680 4668 4632 4680 4656 4680 4668 4644 4668 4680 4656 4680 4680 4680 4680 4668 4680 4680 4656 4680 4692 4692 4692 4680 4728 4692 4680 4680 4716 4656 4716 4668 4692 4692 4680 4692 4680 4668 4704 4728 4704 4728 4680 4704 4680 4740 4728 4716 4716 4704 4668 4692 4716 4716 4728 4740 4704 4716 4740 4728 4728 4704 4716 4716 4704 4728 ]
[ 64288 696 1080 1164 1188 1188 1188 1200 1200 1224 1212 1236 1176 1236 1236 1236 1248 1248 1248 1248 1248 1248 1248 1248 1248 1260 1248 1236 1248 1248 1248 1248 1248 1236 1248 1248 1248 1248 1248 1248 1248 1248 1260 1272 1284 1260 1284 1284 1248 1272 1272 1284 1284 1284 1284 1284 1248 1344 1284 1284 1308 1284 1308 1320 1308 1344 1308 1320 1332 1332 1332 1308 1296 1308 1308 1320 1320 1320 1356 1320 1308 1320 1308 1296 1332 1332 1308 1308 1320 1320 1332 1320 1332 1332 1332 1332 1332 1332 1320 1356 1344 1344 1344 1356 1308 1332 1344 1356 1356 1368 1332 1356 1356 1356 1356 1356 1356 1356 1356 1356 ]
[ 276 1572 2016 2100 2124 2136 2136 2148 2148 2148 2160 2172 2136 2160 2196 2196 2220 2208 2208 2208 2196 2196 2208 2208 2196 2232 2220 2208 2196 2196 2208 2196 2208 2208 2220 2220 2220 2208 2208 2220 2220 2220 2232 2220 2232 2220 2244 2244 2220 2220 2232 2232 2232 2232 2232 2232 2208 2232 2232 2244 2244 2256 2256 2232 2220 2268 2256 2244 2256 2256 2232 2220 2232 2244 2232 2256 2256 2232 2220 2232 2232 2244 2244 2220 2244 2256 2232 2232 2256 2244 2232 2244 2232 2220 2244 2232 2256 2244 2244 2268 2232 2232 2232 2232 2244 2244 2268 2244 2232 2268 2244 2232 2244 2232 2232 2232 2232 2232 2220 2232 ]
[ 64360 64372 64396 64384 64420 64420 64420 64444 64444 64468 64420 64444 64372 64420 64420 64420 64456 64432 64432 64432 64468 64420 64420 64420 64420 64468 64444 64420 64432 64420 64420 64432 64432 64432 64420 64420 64432 64444 64420 64420 64396 64444 64420 64432 64444 64396 64432 64468 64444 64468 64420 64420 64420 64420 64420 64432 64396 64420 64396 64396 64420 64432 64432 64432 64396 64468 64432 64420 64444 64456 64420 64420 64432 64456 64432 64468 64468 64444 64444 64420 64432 64420 64420 64384 64468 64468 64432 64432 64468 64468 64468 64468 64420 64456 64432 64468 64444 64444 64420 64468 64432 64420 64456 64420 64408 64432 64444 64444 64432 64444 64432 64432 64432 64444 64432 64432 64420 64432 64420 64444 ]
];
house_keep = [
[ 38957 38955 38954 38954 38954 38956 38954 0 ]
[ 32646 32646 32648 32648 32649 32648 32652 0 ]
[ 38950 38950 38949 38954 38953 38950 38951 0 ]
[ 50474 50496 50506 50529 50566 50587 50601 0 ]
[ 50474 50496 50506 50529 50566 50587 50601 0 ]
];
config = [309 616 2 1 0 ]