sensors_x = [
[ 19560 19236 19176 19188 19176 19176 19176 19188 19188 19164 19188 19188 19176 19164 19152 19152 19152 19152 19164 19164 19176 19164 19164 19164 19164 19164 19164 19164 19164 19164 19176 19164 19164 19152 19164 19164 19164 19164 19164 19164 19164 19164 19164 19164 19164 19164 19164 19164 19176 19164 19176 19176 19176 19176 19176 19164 19164 19176 19176 19188 19176 19176 19152 19164 19188 19164 19176 19176 19176 19176 19164 19176 19152 19176 19164 19176 19176 19176 19176 19176 19176 19176 19176 19188 19176 19176 19176 19176 19176 19176 19176 19176 19176 19176 19164 19176 19164 19176 19176 19176 19176 19164 19176 19176 19176 19164 19176 19152 19164 19152 19152 19164 19176 19176 19176 19152 19164 19176 19152 19164 ]
[ 17136 19392 19344 19320 19320 19320 19320 19320 19320 19320 19320 19320 19308 19320 19308 19308 19308 19308 19308 19308 19320 19308 19320 19320 19296 19296 19296 19308 19296 19308 19308 19296 19296 19308 19308 19296 19296 19308 19308 19308 19320 19332 19320 19320 19320 19332 19344 19332 19332 19296 19332 19344 19332 19320 19320 19332 19320 19332 19320 19332 19320 19332 19296 19332 19332 19332 19332 19332 19332 19332 19332 19332 19332 19332 19332 19332 19332 19332 19332 19332 19332 19332 19332 19332 19320 19332 19332 19332 19332 19320 19320 19332 19320 19332 19320 19320 19320 19320 19320 19320 19308 19308 19320 19320 19320 19320 19320 19320 19320 19320 19320 19332 19332 19332 19320 19332 19344 19332 19344 19320 ]
[ 11568 13704 13956 13992 13956 13956 13980 13968 13980 13980 13956 13968 13944 13944 13968 13932 13968 13932 13932 13920 13956 13908 13908 13932 13908 13896 13920 13920 13920 13920 13920 13932 13920 13920 13920 13932 13920 13920 13932 13908 13920 13932 13920 13944 13932 13932 13920 13932 13920 13920 13920 13932 13956 13932 13920 13932 13920 13956 13944 13932 13932 13932 13908 13920 13944 13944 13944 13956 13944 13944 13932 13944 13920 13932 13944 13944 13944 13944 13920 13908 13944 13944 13944 13920 13932 13932 13944 13944 13932 13932 13932 13932 13932 13932 13932 13932 13920 13920 13920 13920 13920 13908 13908 13920 13920 13920 13920 13908 13908 13896 13908 13908 13908 13908 13908 13932 13908 13908 13908 13896 ]
[ 5484 6624 6840 6852 6864 6876 6888 6876 6876 6876 6912 6888 6876 6876 6876 6876 6924 6876 6876 6864 6876 6864 6900 6924 6876 6840 6912 6924 6924 6924 6924 6924 6900 6888 6876 6900 6876 6864 6876 6876 6852 6876 6924 6912 6924 6888 6888 6924 6876 6912 6900 6924 6912 6876 6924 6876 6876 6924 6924 6912 6912 6888 6900 6900 6888 6900 6924 6888 6876 6900 6840 6852 6864 6900 6912 6900 6912 6936 6900 6852 6924 6960 6900 6924 6924 6924 6912 6888 6900 6888 6864 6864 6912 6864 6864 6888 6852 6900 6864 6852 6828 6876 6840 6864 6864 6876 6876 6900 6852 6900 6852 6876 6876 6876 6876 6900 6888 6876 6912 6876 ]
];
sensors_y = [
[ 2448 4260 4416 4428 4440 4440 4440 4452 4452 4476 4464 4452 4464 4476 4488 4488 4488 4488 4500 4500 4440 4500 4500 4500 4500 4500 4500 4500 4500 4500 4512 4500 4500 4488 4500 4500 4500 4500 4500 4500 4500 4500 4500 4500 4500 4500 4500 4500 4512 4500 4512 4512 4512 4512 4512 4500 4500 4512 4536 4536 4512 4512 4488 4500 4536 4524 4512 4512 4512 4512 4524 4512 4512 4536 4524 4512 4512 4536 4512 4536 4512 4512 4536 4536 4512 4536 4512 4536 4524 4536 4536 4536 4536 4536 4524 4536 4524 4560 4536 4560 4536 4572 4536 4512 4536 4548 4560 4536 4548 4584 4536 4572 4560 4560 4560 4560 4572 4560 4560 4572 ]
[ 64072 360 768 840 912 912 912 912 912 912 912 912 924 912 924 924 924 924 924 924 912 924 936 948 936 960 960 948 960 972 972 960 960 972 972 960 960 972 972 972 984 996 984 984 984 996 1008 1020 996 960 996 1008 1020 1008 1008 1008 984 1020 1008 1020 1008 1020 960 1020 1020 1020 1020 1020 1020 1020 1020 1020 1020 1020 1020 1020 1020 1020 1020 1020 1020 1020 1020 1020 1008 1020 1020 1020 1020 1032 1032 1020 1032 1020 1032 1032 1032 1032 1032 1056 1044 1068 1032 1032 1056 1056 1056 1056 1056 1128 1056 1068 1068 1068 1056 1116 1104 1092 1080 1080 ]
[ 120 1368 1764 1872 1932 1932 1908 1920 1908 1908 1932 1920 1944 1944 1920 1956 1920 1956 1956 1968 1908 1980 1980 1956 1980 1968 1992 1992 1992 1992 1992 2004 1992 1992 1992 2004 1992 1992 2004 1980 1992 2004 1992 1992 2004 2004 2016 2004 1992 1992 1992 2004 2028 2004 1992 2004 1992 2028 2016 2004 2004 2004 1980 1992 2040 2040 2040 2028 2040 2040 2076 2040 2016 2052 2040 2040 2016 2040 2016 2004 2040 2052 2040 2064 2028 2076 2040 2040 2076 2076 2076 2076 2076 2076 2076 2088 2088 2088 2088 2088 2088 2100 2076 2088 2088 2088 2088 2100 2100 2136 2100 2100 2100 2100 2100 2124 2124 2100 2100 2112 ]
[ 64348 64312 64384 64396 64408 64420 64432 64420 64420 64420 64456 64432 64420 64420 64420 64420 64468 64420 64420 64432 64396 64432 64468 64468 64420 64456 64456 64468 64468 64468 64468 64468 64444 64432 64432 64492 64420 64432 64420 64420 64444 64420 64468 64432 64468 64456 64468 64468 64420 64456 64444 64468 64480 64420 64468 64468 64420 64468 64468 64480 64456 64432 64420 64444 64432 64492 64468 64456 64468 64444 64468 64444 64528 64492 64480 64492 64480 64456 64492 64456 64468 64456 64492 64468 64468 64468 64480 64480 64492 64528 64564 64528 64480 64552 64576 64576 64564 64492 64576 64564 64540 64588 64552 64552 64552 64588 64588 64612 64564 64612 64564 64588 64588 64588 64588 64612 64600 64588 64552 64588 ]
];
house_keep = [
[ 38961 38958 38956 38958 38960 38955 38957 0 ]
[ 32656 32656 32653 32654 32652 32653 32652 0 ]
[ 38954 38953 38954 38955 38954 38953 38953 0 ]
[ 49850 49909 49957 50009 50038 50081 50130 0 ]
[ 49850 49909 49957 50009 50038 50081 50130 0 ]
];
config = [309 616 2 1 0 ]