sensors_x = [
[ 19560 19212 19176 19128 19152 19152 19164 19176 19152 19164 19164 19152 19176 19188 19188 19188 19188 19176 19188 19152 19152 19176 19164 19152 19176 19176 19152 19164 19152 19164 19152 19152 19152 19152 19152 19152 19152 19152 19140 19152 19128 19140 19164 19128 19140 19140 19152 19152 19152 19152 19152 19152 19152 19152 19140 19140 19128 19140 19140 19140 19128 19152 19140 19140 19140 19152 19140 19116 19140 19140 19152 19104 19140 19128 19140 19128 19140 19152 19140 19128 19140 19128 19128 19152 19128 19140 19140 19128 19140 19140 19128 19104 19116 19104 19116 19128 19128 19104 19140 19116 19116 19104 19116 19104 19152 19116 19140 19128 19116 19116 19128 19092 19104 19092 19092 19092 19128 19104 19128 19092 ]
[ 17124 19332 19296 19332 19332 19320 19332 19320 19320 19320 19308 19332 19320 19332 19320 19320 19320 19332 19320 19332 19332 19320 19320 19332 19320 19308 19320 19320 19308 19308 19332 19332 19332 19332 19332 19332 19332 19308 19320 19320 19296 19320 19308 19332 19332 19332 19332 19320 19320 19308 19332 19332 19320 19320 19320 19320 19320 19320 19320 19320 19308 19320 19308 19308 19320 19332 19308 19320 19320 19308 19320 19308 19308 19308 19308 19308 19308 19308 19296 19308 19308 19296 19332 19296 19296 19296 19296 19296 19308 19296 19296 19296 19308 19284 19284 19284 19296 19284 19296 19284 19296 19284 19284 19284 19296 19284 19284 19284 19296 19284 19284 19308 19284 19296 19284 19284 19296 19296 19296 19284 ]
[ 11580 13680 13908 13932 13920 13908 13908 13908 13896 13908 13908 13908 13908 13908 13908 13908 13896 13908 13896 13896 13884 13884 13884 13908 13884 13896 13896 13884 13872 13872 13860 13836 13848 13860 13884 13872 13896 13896 13896 13872 13836 13860 13884 13872 13884 13872 13860 13848 13860 13884 13860 13872 13860 13872 13860 13860 13872 13860 13872 13896 13884 13848 13872 13872 13860 13872 13884 13860 13848 13872 13872 13872 13884 13860 13860 13860 13860 13860 13848 13848 13848 13848 13824 13848 13836 13848 13860 13848 13836 13824 13848 13836 13824 13860 13824 13824 13860 13836 13848 13836 13836 13848 13848 13824 13824 13824 13824 13824 13848 13824 13836 13860 13836 13836 13824 13800 13836 13848 13848 13836 ]
[ 5508 6648 6840 6876 6900 6924 6948 6900 6900 6912 6876 6864 6888 6888 6900 6864 6876 6876 6852 6900 6864 6852 6888 6924 6900 6876 6864 6852 6852 6852 6852 6852 6888 6900 6876 6852 6888 6900 6924 6900 6852 6852 6912 6900 6912 6864 6852 6876 6876 6876 6876 6900 6876 6876 6852 6876 6852 6864 6888 6888 6852 6852 6864 6876 6852 6876 6924 6864 6852 6876 6912 6876 6876 6876 6852 6876 6852 6876 6852 6876 6876 6876 6804 6876 6852 6852 6876 6852 6864 6876 6876 6876 6876 6876 6876 6876 6876 6864 6876 6876 6876 6876 6876 6876 6852 6876 6876 6876 6864 6852 6876 6876 6876 6876 6876 6852 6852 6876 6876 6876 ]
];
sensors_y = [
[ 2484 4308 4440 4464 4488 4488 4500 4512 4488 4500 4524 4512 4512 4548 4548 4548 4548 4536 4548 4512 4584 4560 4572 4584 4572 4560 4560 4572 4584 4584 4584 4584 4560 4584 4584 4584 4584 4560 4572 4560 4584 4572 4524 4560 4572 4572 4584 4584 4584 4584 4584 4560 4584 4584 4572 4572 4560 4572 4572 4572 4560 4584 4572 4572 4572 4584 4572 4572 4572 4584 4584 4632 4596 4584 4596 4584 4572 4584 4596 4560 4584 4584 4584 4584 4584 4596 4596 4584 4596 4596 4620 4608 4596 4584 4620 4584 4584 4608 4596 4620 4596 4608 4572 4608 4584 4572 4596 4608 4620 4620 4584 4620 4596 4644 4596 4644 4584 4608 4608 4620 ]
[ 64204 564 936 1020 1044 1056 1044 1056 1056 1056 1068 1092 1080 1128 1128 1128 1128 1128 1128 1128 1164 1128 1128 1140 1128 1140 1128 1128 1140 1140 1164 1164 1164 1164 1164 1164 1164 1140 1152 1152 1200 1152 1140 1164 1164 1164 1164 1176 1176 1188 1164 1164 1176 1176 1176 1176 1176 1176 1176 1176 1188 1176 1188 1188 1176 1176 1188 1188 1176 1188 1176 1212 1188 1188 1188 1188 1188 1188 1200 1200 1188 1200 1164 1200 1176 1200 1200 1200 1188 1200 1200 1200 1212 1224 1236 1236 1224 1236 1224 1212 1236 1236 1236 1236 1200 1236 1236 1236 1236 1236 1236 1236 1236 1248 1236 1248 1200 1248 1248 1236 ]
[ 276 1560 1980 2088 2088 2100 2100 2100 2112 2100 2124 2124 2124 2124 2124 2124 2136 2124 2136 2112 2172 2160 2148 2148 2148 2136 2148 2148 2184 2160 2172 2172 2184 2172 2172 2160 2160 2160 2208 2160 2196 2196 2148 2196 2148 2184 2172 2208 2196 2220 2220 2160 2196 2220 2196 2196 2208 2220 2208 2208 2220 2208 2208 2208 2220 2208 2220 2220 2208 2208 2196 2256 2220 2220 2220 2220 2220 2220 2232 2232 2232 2232 2184 2232 2220 2232 2244 2232 2232 2232 2232 2220 2232 2268 2232 2232 2244 2232 2256 2244 2244 2256 2256 2232 2208 2232 2232 2232 2256 2232 2244 2268 2244 2220 2232 2256 2220 2232 2256 2244 ]
[ 64396 64432 64432 64468 64492 64492 64468 64492 64492 64480 64588 64576 64504 64504 64516 64576 64540 64564 64564 64492 64576 64564 64576 64516 64492 64588 64552 64564 64564 64564 64564 64564 64528 64516 64552 64564 64552 64516 64540 64492 64564 64564 64480 64492 64504 64576 64564 64588 64588 64588 64588 64504 64588 64588 64564 64588 64564 64552 64540 64576 64564 64564 64576 64588 64564 64588 64492 64552 64564 64588 64480 64588 64588 64588 64564 64588 64564 64588 64564 64588 64588 64588 64516 64588 64564 64564 64588 64564 64576 64588 64588 64588 64588 64588 64588 64588 64588 64576 64588 64588 64588 64588 64588 64588 64564 64588 64588 64588 64576 64564 64588 64588 64588 64588 64588 64588 64564 64588 64588 64588 ]
];
house_keep = [
[ 38958 38954 38955 38955 38954 38958 38959 0 ]
[ 32649 32650 32649 32647 32650 32650 32648 0 ]
[ 38952 38949 38952 38949 38953 38950 38949 0 ]
[ 50258 50285 50318 50343 50377 50401 50429 0 ]
[ 50258 50285 50318 50343 50377 50401 50429 0 ]
];
config = [309 616 2 1 0 ]