sensors_x = [
[ 30480 30480 30480 30480 30480 30480 30480 30480 30480 30480 30480 30480 30480 30480 30480 30480 30480 30480 30480 30480 30480 30480 30480 30480 30480 30480 30480 30480 30480 30480 30480 30480 30480 30480 30480 30480 30480 30480 30480 30480 30480 30480 30480 30480 30480 30480 30480 30480 30480 30480 30480 30480 30480 30480 30480 30480 30480 30480 30480 30480 30480 30480 30480 30480 30480 30480 30480 30480 30480 30480 30480 30480 30480 30480 30480 30480 30480 30480 30480 30480 30480 30480 30480 30480 30480 30480 30480 30480 30480 30480 30480 30480 30480 30480 30480 30480 30480 30480 30480 30480 30480 30480 30480 30480 30480 30480 30480 30480 30480 30480 30480 30480 30480 30480 30480 30480 30480 30480 30480 30480 ]
[ 30480 30480 30480 30480 30480 30480 30480 30480 30480 30480 30480 30480 30480 30480 30480 30480 30480 30480 30480 30480 30480 30480 30480 30480 30480 30480 30480 30480 30480 30480 30480 30480 30480 30480 30480 30480 30480 30480 30480 30480 30480 30480 30480 30480 30480 30480 30480 30480 30480 30480 30480 30480 30480 30480 30480 30480 30480 30480 30480 30480 30480 30480 30480 30480 30480 30480 30480 30480 30480 30480 30480 30480 30480 30480 30480 30480 30480 30480 30480 30480 30480 30480 30480 30480 30480 30480 30480 30480 30480 30480 30480 30480 30480 30480 30480 30480 30480 30480 30480 30480 30480 30480 30480 30480 30480 30480 30480 30480 30480 30480 30480 30480 30480 30480 30480 30480 30480 30480 30480 30480 ]
[ 29424 29400 29412 29388 29412 29352 29412 29376 29412 29400 29412 29424 29388 29400 29412 29388 29400 29424 29412 29400 29388 29436 29436 29328 29400 29412 29424 29424 29400 29436 29460 29412 29424 29424 29424 29412 29424 29412 29400 29412 29376 29400 29424 29412 29436 29400 29400 29412 29436 29460 29412 29412 29424 29424 29376 29412 29400 29388 29436 29436 29424 29448 29424 29400 29412 29436 29436 29400 29400 29400 29424 29424 29388 29376 29412 29388 29412 29388 29400 29448 29388 29436 29436 29400 29436 29400 29424 29412 29400 29412 29376 29388 29400 29388 29400 29400 29388 29460 29412 29400 29424 29400 29424 29424 29400 29412 29400 29436 29400 29448 29424 29424 29412 29388 29388 29412 29400 29412 29412 29400 ]
[ 24312 24348 24288 24384 24324 24288 24324 24312 24300 24300 24312 24336 24288 24384 24324 24360 24348 24264 24288 24312 24600 24324 24360 23916 24396 24396 24348 24408 24372 24384 24396 24456 24396 24300 24336 24348 24324 24372 24324 24324 24312 24348 24324 24360 24360 24360 24312 24360 24360 24348 24324 24336 24360 24348 24336 24348 24348 24324 24324 24324 24372 24300 24300 24336 24348 24348 24276 24348 24360 24312 24372 24312 24300 24324 24324 24336 24348 24288 24324 24324 24312 24288 24336 24360 24324 24372 24408 24384 24360 24300 24348 24312 24312 24312 24336 24336 24300 24372 24300 24312 24276 24324 24336 24336 24312 24348 24360 24372 24372 24264 24384 24300 24312 24300 24312 24312 24312 24324 24252 24360 ]
];
sensors_y = [
[ 65416 65416 65416 65416 65416 65416 65416 65416 65416 65416 65416 65416 65416 65416 65416 65416 65416 65416 65416 65416 65416 65416 65416 65416 65416 65416 65416 65416 65416 65416 65416 65416 65416 65416 65416 65416 65416 65416 65416 65416 65416 65416 65416 65416 65416 65416 65416 65416 65416 65416 65416 65416 65416 65416 65416 65416 65416 65416 65416 65416 65416 65416 65416 65416 65416 65416 65416 65416 65416 65416 65416 65416 65416 65416 65416 65416 65416 65416 65416 65416 65416 65416 65416 65416 65416 65416 65416 65416 65416 65416 65416 65416 65416 65416 65416 65416 65416 65416 65416 65416 65416 65416 65416 65416 65416 65416 65416 65416 65416 65416 65416 65416 65416 65416 65416 65416 65416 65416 65416 65416 ]
[ 65416 65416 65416 65416 65416 65416 65416 65416 65416 65416 65416 65416 65416 65416 65416 65416 65416 65416 65416 65416 65416 65416 65416 65416 65416 65416 65416 65416 65416 65416 65416 65416 65416 65416 65416 65416 65416 65416 65416 65416 65416 65416 65416 65416 65416 65416 65416 65416 65416 65416 65416 65416 65416 65416 65416 65416 65416 65416 65416 65416 65416 65416 65416 65416 65416 65416 65416 65416 65416 65416 65416 65416 65416 65416 65416 65416 65416 65416 65416 65416 65416 65416 65416 65416 65416 65416 65416 65416 65416 65416 65416 65416 65416 65416 65416 65416 65416 65416 65416 65416 65416 65416 65416 65416 65416 65416 65416 65416 65416 65416 65416 65416 65416 65416 65416 65416 65416 65416 65416 65416 ]
[ 64360 64336 64348 64324 64348 64288 64348 64312 64348 64336 64348 64360 64324 64336 64348 64324 64336 64360 64348 64336 64324 64372 64372 64264 64336 64348 64360 64360 64336 64372 64396 64348 64360 64360 64360 64348 64360 64348 64336 64348 64312 64336 64360 64348 64372 64336 64336 64348 64372 64396 64348 64348 64360 64360 64312 64348 64336 64324 64372 64372 64360 64384 64360 64336 64348 64372 64372 64336 64336 64336 64360 64360 64324 64312 64348 64324 64348 64324 64336 64384 64324 64372 64372 64336 64372 64336 64360 64348 64336 64348 64312 64324 64336 64324 64336 64336 64324 64396 64348 64336 64360 64336 64360 64360 64336 64348 64336 64372 64336 64384 64360 64360 64348 64324 64324 64348 64336 64348 64348 64336 ]
[ 61624 61612 61660 61624 61684 61600 61636 61576 61612 61588 61600 61648 61624 61672 61588 61600 61636 61648 61696 61648 61696 61756 61528 61540 61684 61708 61756 61696 61732 61672 61636 61720 61684 61708 61696 61684 61684 61708 61684 61708 61720 61780 61708 61720 61792 61756 61720 61720 61744 61756 61756 61744 61768 61732 61696 61780 61732 61780 61780 61732 61756 61732 61732 61768 61756 61756 61780 61756 61744 61792 61780 61768 61780 61780 61756 61744 61804 61792 61756 61732 61768 61792 61792 61768 61732 61780 61792 61816 61768 61756 61828 61768 61756 61792 61792 61768 61732 61852 61780 61816 61828 61756 61816 61816 61816 61852 61792 61828 61900 61792 61792 61852 61840 61756 61840 61792 61816 61780 61804 61840 ]
];
house_keep = [
[ 38327 38330 38330 38326 38326 38324 38328 0 ]
[ 32643 32643 32642 32642 32644 32644 32640 0 ]
[ 38165 38166 38162 38165 38165 38162 38162 0 ]
[ 25383 25460 25518 25593 25672 25745 25817 0 ]
[ 25383 25460 25518 25593 25672 25745 25817 0 ]
];
config = [309 616 2 1 0 ]