sensors_x = [
[ 25200 25248 25224 25200 25212 25212 25224 25212 25188 25212 25248 25224 25212 25248 25236 25176 25224 25200 25212 25200 25212 25248 25188 25200 25212 25212 25176 25224 25236 25188 25176 25152 25200 25188 25176 25176 25188 25152 25176 25164 25164 25164 25164 25152 25140 25152 25152 25152 25164 25152 25152 25152 25128 25152 25116 25164 25152 25128 25164 25140 25140 25152 25128 25116 25128 25152 25140 25176 25128 25152 25152 25164 25200 25140 25164 25080 25164 25164 25152 25164 25128 25200 25200 25176 25176 25176 25164 25164 25188 25176 25176 25200 25212 25188 25188 25236 25212 25212 25224 25224 25212 25224 25224 25212 25224 25248 25212 25224 25224 25224 25236 25212 25236 25212 25176 25224 25176 25200 25176 25212 25176 25212 25200 25176 25188 25164 25176 25152 25152 25152 25152 25152 25140 25128 25140 25140 25140 25128 25128 25128 25116 25140 25104 25116 25128 25092 25104 25080 25092 25080 25104 25092 25092 25080 25080 25068 25080 25104 25092 25068 25056 25068 25068 25068 25068 25068 25068 25068 25104 25056 25104 25092 25068 25116 25092 25068 25104 25080 25104 25104 25104 25104 25116 25080 25128 25104 25056 25092 25104 25056 25068 25056 25068 25056 25080 25068 25056 25068 25032 25032 25008 25020 25020 25032 25020 25032 25020 24996 25020 25008 24984 24984 24984 24972 25008 24984 24972 24972 25008 24972 24960 24996 24996 25044 25020 24996 25020 25020 25008 24984 25008 25008 25008 24984 24996 25020 25020 25008 25008 25020 ]
[ 25704 25716 25704 25692 25680 25704 25680 25680 25668 25692 25692 25704 25704 25692 25668 25680 25680 25680 25692 25692 25680 25680 25680 25692 25656 25668 25692 25692 25680 25680 25668 25668 25680 25608 25692 25656 25644 25656 25656 25656 25668 25644 25680 25704 25668 25644 25656 25668 25668 25656 25668 25656 25632 25656 25656 25644 25656 25644 25644 25656 25668 25656 25656 25656 25620 25644 25632 25656 25656 25656 25668 25656 25692 25656 25680 25644 25668 25656 25656 25656 25644 25668 25668 25644 25668 25668 25680 25680 25668 25704 25668 25656 25668 25668 25680 25692 25680 25680 25680 25668 25692 25680 25704 25680 25704 25680 25692 25740 25704 25680 25704 25704 25692 25680 25692 25668 25668 25680 25668 25680 25704 25692 25704 25680 25692 25680 25704 25680 25668 25668 25680 25680 25680 25692 25656 25668 25668 25680 25680 25668 25680 25680 25644 25656 25680 25668 25656 25632 25680 25668 25668 25668 25668 25680 25668 25668 25680 25680 25692 25668 25656 25668 25680 25668 25656 25644 25656 25668 25680 25668 25680 25668 25644 25668 25668 25668 25656 25668 25656 25668 25668 25656 25668 25680 25656 25656 25644 25656 25644 25632 25668 25668 25668 25668 25668 25680 25644 25656 25632 25644 25620 25656 25608 25644 25656 25608 25632 25656 25608 25644 25644 25608 25620 25608 25644 25608 25632 25620 25632 25596 25608 25608 25596 25632 25644 25608 25632 25620 25596 25596 25644 25620 25632 25596 25608 25620 25608 25632 25632 25632 ]
[ 19920 19908 19920 19944 19932 19896 19932 19896 19932 19896 19920 19920 19896 19896 19908 19920 19920 19896 19896 19872 19884 19884 19896 19872 19872 19848 19932 19908 19872 19920 19920 19860 19860 19872 19884 19884 19848 19848 19920 19860 19884 19848 19908 19920 19908 19872 19908 19884 19872 19896 19872 19860 19896 19884 19848 19824 19884 19860 19884 19836 19920 19836 19848 19848 19872 19836 19824 19848 19896 19848 19908 19812 19884 19836 19824 19896 19908 19872 19884 19872 19896 19884 19860 19932 19848 19848 19884 19884 19848 19848 19908 19836 19860 19884 19896 19860 19884 19896 19920 19920 19872 19896 19872 19896 19860 19932 19896 19932 19908 19884 19908 19932 19932 19896 19908 19944 19944 19908 19944 19944 20004 19944 19944 19920 19980 19932 19968 19956 19944 19968 19908 19980 19956 19944 19956 19956 19944 19968 19920 19908 19968 19908 19944 19944 19980 19968 19944 19908 19944 19932 19968 20004 19968 19956 19992 19956 19920 19932 19968 19956 19980 19944 19944 19944 20016 19980 19920 19944 19944 19968 19944 19944 19932 19968 19944 19932 19968 19932 19944 19944 19944 19968 19944 19956 19920 19932 19932 19992 19992 19968 19956 19908 19956 19932 19920 19932 20004 19956 19980 19944 19968 19920 19920 19956 19920 19932 19920 19980 19908 19956 19980 19944 19956 19908 19980 19944 19944 19908 19932 19896 19920 19932 19944 19932 19920 19908 19908 19920 19920 19908 19920 19908 19884 19908 19920 19944 19896 19944 19872 19884 ]
[ 15492 15408 15408 15480 15444 15384 15444 15444 15468 15444 15456 15444 15432 15420 15480 15384 15432 15396 15396 15468 15372 15468 15396 15408 15360 15432 15420 15348 15456 15456 15360 15456 15432 15324 15444 15384 15372 15456 15432 15408 15384 15324 15456 15456 15360 15348 15408 15444 15348 15420 15408 15420 15384 15396 15408 15348 15384 15312 15432 15348 15396 15372 15420 15444 15432 15480 15540 15444 15372 15372 15348 15348 15372 15324 15504 15384 15384 15360 15408 15288 15360 15384 15432 15420 15396 15420 15396 15396 15432 15384 15384 15360 15432 15408 15396 15384 15372 15396 15420 15444 15420 15432 15432 15456 15396 15468 15420 15420 15384 15384 15456 15432 15408 15468 15456 15384 15432 15396 15372 15396 15432 15432 15444 15372 15420 15396 15444 15396 15408 15396 15396 15420 15372 15396 15408 15396 15384 15408 15396 15384 15384 15384 15384 15360 15480 15384 15384 15360 15372 15408 15360 15444 15420 15408 15420 15384 15396 15324 15396 15384 15396 15372 15396 15360 15408 15360 15408 15408 15384 15408 15420 15408 15384 15456 15444 15372 15348 15372 15396 15396 15348 15396 15396 15360 15372 15396 15384 15408 15396 15396 15384 15360 15372 15372 15348 15396 15408 15408 15384 15396 15384 15372 15336 15372 15312 15372 15396 15408 15348 15396 15372 15336 15348 15312 15348 15384 15360 15312 15300 15312 15348 15312 15312 15384 15372 15300 15360 15372 15348 15324 15372 15300 15312 15324 15312 15360 15324 15372 15276 15348 ]
];
sensors_y = [
[ 63688 63736 63736 63688 63700 63724 63688 63724 63700 63652 63712 63664 63700 63664 63676 63640 63688 63688 63676 63664 63700 63688 63676 63664 63652 63676 63664 63688 63700 63676 63640 63640 63664 63592 63664 63640 63652 63640 63664 63652 63652 63676 63676 63676 63652 63664 63664 63664 63676 63664 63664 63664 63664 63640 63652 63652 63664 63664 63652 63652 63676 63640 63640 63676 63640 63664 63700 63688 63688 63688 63688 63652 63664 63652 63652 63592 63652 63652 63664 63652 63664 63664 63664 63664 63664 63664 63652 63628 63676 63664 63640 63664 63652 63676 63652 63676 63676 63676 63664 63664 63700 63688 63688 63676 63688 63712 63700 63688 63736 63688 63700 63724 63700 63700 63688 63712 63712 63688 63688 63724 63712 63700 63712 63712 63724 63700 63736 63712 63712 63712 63736 63688 63724 63712 63724 63724 63724 63736 63736 63736 63700 63724 63712 63700 63712 63700 63736 63712 63700 63688 63736 63724 63676 63736 63712 63700 63736 63736 63748 63724 63712 63700 63724 63700 63724 63700 63724 63700 63712 63712 63712 63724 63700 63700 63724 63700 63712 63712 63712 63712 63712 63736 63700 63688 63712 63712 63712 63700 63712 63688 63724 63712 63700 63712 63724 63724 63712 63700 63688 63688 63688 63700 63700 63712 63748 63712 63700 63700 63652 63688 63736 63688 63712 63700 63688 63688 63700 63748 63712 63676 63664 63700 63700 63700 63700 63700 63676 63700 63712 63688 63712 63688 63688 63688 63676 63700 63676 63688 63640 63700 ]
