sensors_x = [
[ 25008 24996 24996 25008 24984 25008 25044 24924 25032 24780 24720 24732 24780 24588 24684 24672 24696 24768 24816 24588 24864 24900 24888 24936 24912 24852 24852 24864 24828 24828 24720 8064 2940 22512 19860 23160 24276 24660 24840 24876 24876 24876 24936 24888 24960 24948 24960 24924 24960 24960 24984 24948 24984 24900 24912 24972 24984 25008 24972 24984 24984 24996 24996 25020 24984 24996 24996 25008 24984 24996 24984 24948 24984 24996 24996 24996 25008 24972 24972 25008 24984 25020 25020 24996 24996 25008 24948 24996 24984 24996 25020 25032 24984 25020 25020 24996 25020 25008 24984 24972 24984 24972 25008 24996 24852 25008 24888 24972 24960 25008 24972 24900 25116 24936 24888 24948 24852 25008 24084 24444 25164 24972 24336 24408 24492 24984 24852 23448 21288 21540 21384 21432 24888 24900 24876 24804 24852 24852 24852 24876 24852 24864 24888 24924 24840 24900 24840 24828 24828 24948 25008 25020 25032 24828 24828 24792 24852 24912 24948 24948 24924 24924 24948 24984 24996 24900 24864 24912 24924 24900 24948 24864 24972 25020 25008 24996 24972 24996 24996 25008 24972 24984 25008 24984 24984 24996 25008 25020 24996 24996 24996 25008 25020 25020 24996 24960 24996 24972 24960 24960 24972 24972 24972 24948 24960 24960 24960 24984 24984 24972 24984 24972 25008 24960 24984 24984 24972 24948 24972 25020 24984 24984 24960 24948 24960 25008 24996 24972 24948 24972 24972 24972 24936 24972 24948 24948 24972 24972 24972 24972 ]
[ 25632 25632 25644 25644 25596 25464 25656 25644 25608 25632 25596 25596 25620 25560 25572 25584 25584 25620 25608 25572 25596 25632 25608 25620 25620 25620 25608 25632 25596 25548 25596 25500 25644 25704 25620 25608 25536 25632 25632 25596 25608 25596 25632 25620 25596 25620 25584 25644 25632 25584 25596 25608 25632 25584 25596 25608 25620 25620 25608 25620 25620 25596 25596 25608 25620 25620 25632 25608 25620 25608 25620 25620 25644 25596 25596 25620 25608 25584 25608 25644 25596 25596 25608 25620 25608 25608 25620 25620 25620 25620 25620 25596 25632 25620 25596 25608 25632 25596 25608 25632 25620 25632 25596 25632 25524 25608 25512 25596 25596 25596 25620 25596 25584 25620 25584 25632 25584 25644 56236 62392 6000 18312 62356 62356 62356 23352 18780 62356 62356 62356 62356 62356 22500 24564 25188 25416 25524 25584 25560 25572 25608 25560 25596 25620 25596 25584 25596 25584 25560 25584 25620 25620 25632 25644 25536 25572 25596 25620 25608 25596 25620 25608 25608 25620 25572 25584 25608 25632 25620 25608 25620 25584 25572 25596 25620 25596 25632 25608 25632 25608 25632 25608 25608 25608 25608 25608 25632 25620 25620 25596 25608 25620 25620 25632 25620 25608 25632 25620 25656 25608 25596 25632 25620 25608 25632 25620 25608 25608 25632 25608 25620 25620 25644 25584 25644 25620 25632 25608 25620 25668 25620 25620 25620 25608 25644 25620 25644 25632 25632 25608 25608 25596 25632 25656 25608 25620 25608 25632 25596 25608 ]
[ 19944 19920 19968 19944 19968 19884 19884 19992 19884 20016 19956 19956 19944 19968 19896 19968 19956 19908 19956 19956 19956 19956 19920 19908 19932 19956 19944 19896 19884 19884 19920 20220 19968 19956 19944 19956 19848 20004 19908 19908 19908 19896 19968 19896 19908 19908 19932 19980 19908 19920 19956 19908 19932 19920 19932 19908 19932 19920 19920 19920 19920 19884 19908 19896 19908 19944 19932 19932 19932 19908 19920 19884 19944 19896 19896 19884 19884 19884 19908 19944 19908 19944 19908 19836 19860 19920 19920 19920 19920 19920 19932 19920 19908 19860 19848 19920 19896 19896 19896 19884 19932 19920 19908 19932 19896 19860 19896 19920 19896 19920 19884 19896 19872 19932 19908 19932 19908 19920 18600 19428 20292 20004 19272 19404 19344 19968 19896 16608 14388 14388 14448 14376 19884 19884 19956 19932 19896 19920 19896 19872 19884 19908 19896 19884 19920 19884 19884 19944 19908 19932 19944 19968 19848 19968 19872 19920 19908 19872 19848 19932 19884 19908 19884 19956 19884 19896 19944 19908 19884 19884 19932 19944 19944 19884 19932 19920 19884 19908 19884 19908 19944 19932 19944 19944 19872 19884 19896 19860 19896 19920 19920 19860 19884 19932 19920 19848 19944 19968 19920 19944 19920 19908 19920 19944 19956 19944 19908 19980 19908 19932 19956 19956 19956 19908 19920 19932 19968 19956 19932 19980 19944 19920 19956 19932 19932 19980 19944 19920 19908 19908 19932 19932 19932 19944 19920 19908 19932 19932 19896 19944 ]
[ 15324 15372 15360 15348 15396 15528 15468 15528 15264 15372 15324 15384 15432 15384 15228 15348 15300 15372 15372 15252 15336 15288 15348 15360 15336 15348 15312 15264 15360 15360 15228 16272 15276 15408 15396 15336 15312 15336 15360 15360 15300 15360 15300 15360 15384 15312 15372 15360 15348 15324 15324 15324 15348 15300 15288 15324 15252 15324 15384 15372 15360 15288 15300 15348 15360 15348 15348 15372 15288 15360 15324 15348 15348 15372 15336 15336 15360 15264 15360 15288 15348 15360 15360 15360 15384 15372 15348 15360 15360 15324 15396 15396 15348 15324 15336 15444 15324 15348 15312 15276 15312 15312 15372 15384 15348 15288 15360 15348 15336 15324 15336 15348 15336 15324 15360 15384 15372 15432 13656 14964 16296 15372 14892 14976 14964 15480 15360 10668 7320 7512 7440 7404 15360 15252 15336 15336 15300 15336 15336 15336 15372 15408 15336 15348 15372 15372 15300 15324 15360 15372 15372 15384 15384 15348 15300 15300 15348 15336 15276 15384 15384 15348 15348 15348 15312 15288 15348 15408 15324 15288 15168 15360 15312 15324 15372 15324 15276 15312 15336 15288 15336 15324 15324 15336 15336 15384 15348 15324 15336 15336 15348 15300 15336 15348 15288 15324 15300 15408 15312 15336 15300 15420 15300 15336 15348 15336 15360 15372 15360 15312 15336 15360 15324 15300 15312 15324 15384 15348 15312 15360 15384 15312 15360 15384 15336 15372 15396 15348 15348 15336 15336 15336 15348 15372 15348 15324 15348 15360 15348 15348 ]
];
sensors_y = [
[ 63736 63700 63700 63688 63712 63688 63700 63628 63736 63724 63688 63700 63772 63868 63676 63664 63712 63712 63688 63628 63688 63700 63688 63688 63712 63700 63724 63712 63700 63700 63688 60016 2940 62416 63724 63544 63556 63628 63676 63652 63700 63652 63664 63688 63688 63700 63664 63700 63640 63640 63664 63676 63568 63628 63664 63676 63688 63688 63676 63640 63664 63628 63652 63652 63664 63652 63652 63664 63664 63676 63664 63652 63664 63676 63676 63676 63664 63628 63652 63664 63640 63676 63628 63676 63652 63640 63616 63700 63664 63676 63652 63664 63664 63652 63652 63676 63628 63640 63640 63676 63664 63676 63688 63676 63556 63616 63592 63676 63568 63640 63652 63652 63292 63640 63640 63652 63700 63688 63508 63388 63580 63652 63352 63472 63388 63640 63628 63328 62752 62836 62752 62704 63640 63652 63652 63604 63628 63628 63628 63676 63652 63616 63640 63700 63664 63724 63688 63652 63676 63652 63736 63700 63736 63580 63652 63688 63604 63640 63652 63676 63676 63652 63676 63688 63652 63700 63712 63640 63676 63676 63700 63664 63724 63676 63688 63676 63676 63676 63676 63688 63676 63664 63688 63688 63688 63676 63688 63700 63700 63700 63700 63712 63724 63700 63724 63688 63652 63676 63688 63688 63700 63676 63676 63676 63664 63688 63688 63688 63664 63676 63736 63700 63664 63688 63712 63676 63724 63700 63700 63700 63712 63712 63712 63724 63712 63640 63724 63724 63748 63676 63676 63700 63664 63676 63676 63652 63700 63676 63652 63652 ]
