sensors_x = [
[ 19620 19308 19284 19284 19284 19284 19260 19284 19248 19260 19248 19248 19248 19248 19248 19248 19248 19236 19248 19248 19248 19236 19236 19236 19248 19248 19248 19248 19248 19248 19248 19248 19248 19248 19236 19248 19248 19248 19248 19248 19248 19248 19248 19248 19260 19248 19248 19236 19248 19248 19248 19236 19236 19236 19236 19236 19248 19236 19248 19236 19248 19236 19248 19236 19236 19248 19236 19248 19248 19260 19236 19236 19236 19236 19248 19236 19236 19236 19236 19236 19236 19236 19236 19248 19248 19248 19236 19236 19236 19248 19248 19236 19236 19248 19248 19236 19236 19236 19236 19248 19248 19236 19236 19224 19236 19236 19236 19248 19248 19248 19236 19236 19236 19236 19236 19248 19236 19236 19236 19236 ]
[ 17136 19404 19368 19380 19368 19368 19368 19368 19368 19368 19356 19368 19380 19380 19392 19368 19380 19392 19368 19392 19380 19368 19380 19380 19380 19380 19368 19392 19380 19368 19380 19392 19356 19380 19380 19380 19368 19380 19380 19380 19368 19368 19380 19368 19380 19368 19368 19392 19380 19368 19368 19368 19368 19368 19368 19368 19368 19368 19380 19368 19368 19368 19368 19368 19368 19368 19368 19368 19356 19380 19368 19356 19368 19368 19368 19368 19368 19356 19368 19356 19368 19368 19368 19368 19368 19356 19368 19356 19368 19356 19368 19368 19368 19368 19368 19356 19368 19356 19368 19368 19380 19356 19368 19368 19356 19368 19368 19356 19368 19380 19368 19368 19368 19368 19368 19392 19368 19368 19368 19368 ]
[ 11604 13836 14100 14148 14124 14124 14124 14100 14088 14088 14124 14088 14112 14076 14088 14088 14088 14088 14088 14100 14100 14100 14124 14088 14100 14088 14088 14088 14112 14100 14124 14088 14100 14088 14112 14088 14088 14088 14100 14124 14088 14100 14112 14088 14100 14124 14088 14088 14100 14088 14112 14100 14088 14100 14112 14100 14100 14088 14088 14112 14136 14148 14100 14088 14088 14088 14088 14088 14088 14076 14088 14088 14088 14100 14124 14112 14112 14112 14088 14088 14088 14100 14088 14088 14088 14100 14100 14112 14112 14112 14088 14088 14100 14088 14088 14088 14088 14100 14100 14088 14088 14100 14088 14100 14112 14112 14100 14112 14088 14100 14112 14100 14112 14100 14100 14124 14112 14088 14100 14100 ]
[ 5436 6600 6804 6804 6816 6828 6828 6816 6804 6816 6816 6816 6804 6804 6804 6816 6804 6804 6804 6804 6804 6804 6804 6804 6816 6804 6816 6804 6816 6816 6804 6816 6804 6804 6804 6804 6828 6816 6804 6852 6816 6816 6804 6828 6804 6804 6840 6804 6804 6804 6924 6900 6900 6816 6816 6864 6876 6852 6816 6852 6864 6804 6912 6876 6792 6804 6828 6864 6876 6804 6840 6852 6876 6840 6888 6864 6876 6900 6852 6840 6864 6852 6876 6888 6900 6864 6876 6876 6876 6876 6876 6876 6876 6912 6888 6876 6864 6876 6924 6876 6876 6888 6888 6888 6888 6876 6876 6876 6876 6912 6900 6888 6876 6888 6876 6912 6876 6876 6888 6888 ]
];
sensors_y = [
[ 2148 3924 4092 4128 4092 4092 4116 4116 4152 4140 4152 4152 4152 4152 4152 4152 4152 4164 4176 4152 4152 4164 4164 4164 4176 4176 4152 4152 4176 4176 4176 4176 4200 4176 4164 4176 4176 4176 4176 4176 4176 4176 4176 4176 4164 4176 4188 4188 4176 4176 4176 4188 4188 4188 4188 4188 4200 4188 4176 4188 4176 4188 4188 4188 4188 4176 4188 4188 4200 4164 4188 4188 4188 4188 4176 4188 4188 4188 4188 4188 4188 4188 4188 4176 4176 4200 4188 4188 4188 4176 4176 4188 4188 4176 4176 4188 4188 4188 4188 4176 4176 4188 4188 4176 4188 4188 4188 4176 4176 4176 4188 4188 4188 4188 4188 4188 4188 4188 4188 4188 ]
[ 63760 65500 312 420 432 432 432 432 456 456 444 480 444 468 480 456 492 480 480 480 492 504 492 492 516 516 504 480 492 504 516 492 540 516 516 516 504 516 516 516 504 528 516 528 492 528 528 516 516 528 528 528 528 528 528 528 528 528 492 528 528 528 528 528 528 528 528 528 540 492 528 516 528 528 528 528 528 516 528 516 528 528 528 528 528 540 528 540 528 516 528 528 528 528 528 516 528 516 528 504 504 516 528 528 540 528 528 540 528 492 528 528 528 528 528 504 528 528 528 528 ]
[ 65356 924 1332 1428 1452 1452 1452 1500 1512 1512 1476 1512 1500 1500 1512 1512 1512 1512 1512 1500 1512 1512 1476 1512 1524 1512 1512 1488 1488 1500 1500 1512 1548 1512 1488 1512 1512 1512 1524 1500 1512 1500 1488 1512 1500 1500 1512 1512 1500 1512 1512 1524 1512 1524 1512 1524 1548 1512 1512 1488 1536 1524 1524 1512 1512 1512 1512 1512 1536 1500 1512 1512 1512 1500 1500 1512 1536 1512 1512 1512 1512 1524 1512 1512 1512 1548 1524 1536 1512 1536 1512 1512 1524 1512 1512 1512 1512 1524 1524 1512 1512 1524 1512 1524 1560 1536 1548 1536 1512 1500 1536 1524 1536 1548 1524 1500 1536 1512 1548 1524 ]
[ 64156 64000 64012 64012 64000 63988 63988 64000 64012 64000 64000 64024 64012 64012 64012 64000 64012 64012 64012 64012 64012 64012 64012 64012 64024 64036 64024 64012 64024 64024 64036 64024 64084 64036 64036 64012 64060 64048 64036 64060 64024 64048 64036 64060 64012 64036 64072 64036 64036 64036 64132 64108 64108 64048 64048 64096 64156 64084 64024 64060 64072 64048 64120 64084 64048 64036 64048 64096 64156 64036 64072 64084 64132 64096 64120 64072 64156 64108 64132 64120 64144 64132 64156 64144 64144 64168 64156 64132 64156 64156 64144 64156 64156 64132 64144 64156 64144 64156 64132 64156 64156 64144 64144 64144 64144 64156 64156 64156 64156 64144 64156 64144 64156 64144 64156 64144 64156 64156 64144 64144 ]
];
house_keep = [
[ 38965 38960 38962 38962 38958 38962 38960 0 ]
[ 32659 32658 32654 32658 32653 32657 32656 0 ]
[ 38957 38957 38957 38957 38953 38957 38955 0 ]
[ 49557 49610 49668 49728 49786 49847 49882 0 ]
[ 49557 49610 49668 49728 49786 49847 49882 0 ]
];
config = [309 616 2 1 0 ]