sensors_x = [
[ 19620 19296 19308 19284 19284 19284 19272 19248 19284 19248 19248 19260 19248 19236 19236 19248 19260 19248 19248 19248 19248 19236 19248 19248 19236 19248 19248 19248 19236 19248 19248 19236 19236 19236 19248 19248 19248 19248 19248 19248 19248 19248 19248 19248 19248 19248 19236 19236 19248 19248 19248 19236 19248 19236 19236 19236 19236 19248 19260 19236 19236 19236 19248 19236 19236 19236 19236 19236 19236 19248 19236 19236 19236 19236 19236 19248 19236 19236 19236 19236 19236 19236 19236 19236 19248 19236 19236 19236 19248 19236 19236 19236 19236 19236 19236 19236 19236 19236 19224 19224 19236 19248 19236 19236 19236 19236 19236 19236 19236 19236 19236 19236 19236 19236 19236 19236 19236 19236 19236 19224 ]
[ 17136 19380 19368 19344 19380 19356 19368 19380 19380 19380 19368 19368 19368 19356 19356 19368 19356 19368 19356 19356 19356 19356 19356 19368 19344 19368 19368 19356 19368 19368 19356 19356 19368 19356 19380 19380 19392 19368 19368 19380 19392 19380 19392 19356 19380 19392 19368 19380 19344 19380 19392 19380 19368 19368 19368 19368 19368 19368 19380 19368 19356 19356 19356 19368 19356 19368 19356 19368 19356 19368 19368 19356 19368 19368 19368 19356 19368 19368 19368 19368 19356 19368 19368 19356 19356 19368 19368 19368 19356 19368 19368 19356 19356 19368 19356 19356 19356 19356 19368 19356 19356 19356 19368 19356 19368 19356 19356 19356 19356 19356 19356 19356 19368 19356 19356 19356 19368 19356 19344 19356 ]
[ 11592 13836 14112 14148 14136 14136 14136 14124 14124 14100 14112 14124 14088 14100 14124 14088 14124 14100 14088 14088 14088 14088 14100 14112 14088 14088 14088 14100 14100 14100 14124 14112 14100 14124 14112 14088 14100 14112 14112 14112 14100 14112 14112 14112 14100 14112 14112 14100 14100 14112 14100 14112 14112 14112 14100 14100 14112 14112 14112 14112 14112 14112 14100 14112 14100 14124 14112 14112 14100 14088 14088 14100 14088 14100 14100 14088 14088 14088 14088 14088 14088 14088 14088 14088 14088 14088 14088 14088 14076 14088 14088 14088 14088 14076 14088 14088 14088 14124 14088 14088 14100 14088 14088 14088 14088 14088 14088 14088 14088 14088 14088 14088 14088 14088 14088 14088 14088 14088 14088 14088 ]
[ 5496 6624 6780 6852 6876 6900 6864 6864 6900 6876 6888 6912 6912 6876 6888 6888 6900 6876 6876 6876 6876 6900 6888 6900 6840 6900 6876 6900 6888 6888 6876 6888 6888 6900 6900 6876 6876 6780 6876 6876 6816 6828 6828 6900 6900 6900 6828 6864 6876 6888 6876 6888 6876 6888 6828 6840 6888 6900 6900 6900 6888 6900 6828 6852 6876 6900 6900 6840 6852 6840 6852 6828 6840 6876 6864 6840 6864 6852 6828 6852 6852 6864 6900 6828 6828 6828 6852 6828 6852 6864 6828 6816 6864 6864 6852 6852 6864 6852 6852 6852 6876 6900 6852 6840 6876 6852 6852 6840 6864 6852 6864 6852 6864 6852 6852 6864 6852 6852 6864 6864 ]
];
sensors_y = [
[ 2148 3936 4044 4092 4092 4092 4104 4152 4116 4152 4152 4140 4152 4140 4164 4152 4140 4152 4152 4152 4152 4164 4152 4152 4164 4176 4176 4176 4164 4176 4152 4164 4164 4140 4176 4152 4176 4176 4176 4152 4176 4152 4152 4176 4176 4176 4188 4188 4176 4176 4176 4188 4176 4188 4188 4188 4188 4176 4164 4188 4188 4188 4200 4188 4188 4164 4188 4188 4188 4200 4188 4188 4188 4188 4188 4176 4188 4188 4188 4188 4188 4188 4188 4188 4176 4188 4188 4188 4176 4188 4188 4188 4188 4188 4188 4188 4188 4188 4176 4176 4188 4176 4188 4188 4188 4188 4188 4188 4188 4188 4188 4188 4188 4188 4188 4188 4188 4188 4188 4176 ]
[ 63760 65476 288 336 372 348 408 420 420 420 432 432 432 444 444 432 444 432 444 444 444 444 444 432 456 468 456 444 456 456 444 468 480 444 492 468 492 480 480 492 480 492 480 468 492 480 528 492 456 504 492 492 504 504 516 504 528 504 492 528 516 516 540 504 516 504 516 528 540 528 516 516 528 528 504 516 528 528 528 528 540 528 528 516 516 528 528 528 540 528 528 540 540 528 540 540 540 540 528 540 540 540 540 540 528 540 540 540 540 540 540 540 528 540 540 540 540 540 528 540 ]
[ 65368 924 1296 1380 1416 1416 1440 1452 1452 1512 1488 1500 1512 1500 1500 1512 1452 1500 1512 1512 1512 1512 1524 1488 1512 1512 1512 1548 1524 1524 1512 1536 1548 1548 1560 1512 1548 1560 1560 1560 1548 1560 1560 1560 1548 1560 1560 1548 1548 1560 1548 1560 1560 1560 1548 1548 1560 1560 1560 1560 1560 1560 1584 1560 1572 1548 1560 1560 1572 1584 1584 1572 1584 1572 1572 1584 1584 1584 1584 1584 1584 1584 1584 1584 1584 1584 1584 1584 1596 1584 1584 1584 1584 1596 1584 1584 1584 1572 1584 1584 1572 1584 1584 1584 1584 1584 1584 1584 1584 1584 1584 1584 1584 1584 1584 1584 1584 1584 1584 1584 ]
[ 64204 64072 64060 64132 64156 64108 64096 64144 64132 64156 64144 64144 64144 64156 64144 64144 64156 64156 64156 64156 64156 64156 64168 64132 64192 64156 64204 64156 64144 64144 64156 64144 64144 64156 64156 64156 64156 64204 64156 64156 64240 64204 64204 64156 64156 64156 64204 64192 64156 64144 64156 64144 64156 64144 64204 64192 64144 64156 64156 64156 64168 64156 64204 64180 64168 64156 64156 64192 64204 64192 64204 64204 64192 64180 64216 64192 64216 64204 64204 64228 64228 64192 64156 64204 64204 64204 64204 64228 64228 64216 64228 64192 64216 64216 64228 64228 64216 64228 64228 64228 64204 64180 64204 64204 64204 64204 64204 64216 64216 64204 64216 64228 64216 64228 64228 64216 64204 64228 64192 64216 ]
];
house_keep = [
[ 38957 38958 38957 38960 38956 38959 38958 0 ]
[ 32654 32654 32654 32652 32651 32652 32653 0 ]
[ 38953 38954 38952 38954 38954 38955 38954 0 ]
[ 49921 49954 50009 50055 50093 50125 50159 0 ]
[ 49921 49954 50009 50055 50093 50125 50159 0 ]
];
config = [309 616 2 1 0 ]