sensors_x = [
[ 19608 19296 19320 19296 19272 19260 19236 19260 19236 19260 19248 19248 19248 19248 19248 19248 19248 19236 19248 19248 19248 19224 19236 19248 19236 19248 19248 19248 19248 19236 19236 19248 19248 19236 19236 19248 19248 19236 19248 19236 19236 19236 19236 19224 19236 19248 19248 19236 19248 19248 19248 19260 19248 19248 19248 19236 19248 19236 19236 19236 19236 19248 19224 19248 19236 19248 19248 19248 19248 19236 19248 19236 19248 19236 19236 19236 19236 19236 19236 19236 19236 19236 19236 19236 19236 19236 19236 19236 19248 19236 19236 19248 19236 19236 19236 19236 19236 19236 19236 19236 19224 19248 19236 19224 19224 19236 19236 19224 19236 19236 19248 19236 19236 19236 19236 19236 19236 19224 19236 19236 ]
[ 17124 19392 19380 19356 19368 19368 19368 19356 19356 19356 19356 19356 19356 19368 19356 19356 19380 19368 19380 19380 19356 19380 19356 19368 19356 19368 19356 19380 19356 19368 19356 19368 19356 19368 19356 19356 19356 19368 19356 19356 19356 19368 19368 19368 19368 19356 19356 19368 19368 19368 19368 19368 19356 19356 19356 19356 19356 19356 19356 19356 19356 19368 19356 19368 19368 19368 19356 19356 19368 19368 19368 19356 19356 19356 19344 19356 19368 19356 19356 19356 19356 19356 19356 19356 19344 19344 19344 19356 19356 19356 19356 19356 19356 19356 19344 19356 19356 19344 19356 19344 19356 19356 19344 19356 19344 19356 19368 19356 19356 19356 19344 19356 19356 19356 19368 19368 19368 19368 19368 19368 ]
[ 11628 13800 14076 14112 14112 14112 14112 14100 14100 14100 14100 14088 14100 14088 14088 14088 14088 14088 14088 14088 14088 14088 14088 14088 14052 14064 14076 14040 14064 14040 14064 14064 14052 14064 14064 14052 14052 14040 14064 14052 14052 14040 14064 14052 14052 14040 14040 14052 14064 14052 14052 14052 14040 14040 14040 14064 14064 14040 14064 14064 14064 14052 14052 14052 14040 14040 14064 14064 14052 14064 14064 14064 14064 14064 14088 14040 14052 14064 14064 14064 14064 14064 14064 14052 14064 14052 14064 14064 14064 14064 14052 14064 14064 14064 14052 14064 14052 14052 14052 14052 14076 14088 14052 14052 14052 14064 14052 14064 14064 14052 14052 14052 14052 14064 14064 14064 14064 14064 14064 14064 ]
[ 5508 6588 6828 6852 6852 6840 6888 6864 6852 6840 6852 6852 6852 6840 6852 6852 6852 6852 6852 6852 6852 6864 6864 6852 6828 6852 6876 6852 6840 6840 6852 6852 6840 6852 6852 6852 6840 6828 6852 6852 6852 6852 6852 6852 6840 6852 6852 6852 6840 6852 6864 6864 6888 6864 6852 6852 6840 6840 6828 6852 6828 6840 6840 6852 6840 6864 6852 6852 6852 6852 6864 6852 6852 6852 6948 6864 6852 6852 6852 6852 6840 6852 6852 6852 6852 6840 6840 6852 6852 6852 6852 6840 6852 6852 6840 6852 6852 6852 6852 6852 6864 6852 6828 6852 6852 6852 6840 6852 6840 6840 6876 6852 6852 6840 6852 6852 6840 6852 6852 6852 ]
];
sensors_y = [
[ 2160 3936 4056 4092 4104 4116 4140 4128 4140 4140 4152 4152 4152 4152 4152 4152 4152 4140 4152 4152 4152 4128 4140 4152 4188 4176 4152 4152 4152 4164 4164 4152 4152 4164 4164 4152 4152 4164 4176 4164 4164 4164 4164 4152 4164 4176 4176 4164 4176 4176 4176 4176 4176 4176 4176 4188 4200 4176 4164 4188 4188 4176 4176 4176 4188 4152 4188 4176 4176 4188 4176 4188 4176 4188 4188 4140 4188 4188 4188 4188 4164 4164 4188 4188 4164 4188 4164 4188 4176 4188 4188 4176 4164 4188 4188 4188 4188 4188 4188 4188 4176 4176 4188 4176 4164 4188 4188 4176 4188 4188 4152 4188 4188 4188 4188 4188 4188 4176 4188 4188 ]
[ 63772 65512 300 396 432 432 432 444 444 444 444 444 444 456 444 468 468 480 492 492 492 468 516 480 516 504 516 492 516 528 516 528 516 528 516 516 516 528 516 516 516 528 528 528 528 540 540 528 528 528 528 528 540 516 540 540 552 540 540 540 564 528 540 528 528 516 540 540 528 540 528 540 540 540 552 516 540 540 540 540 540 540 540 540 552 552 552 540 540 564 540 540 540 540 552 564 564 552 564 552 564 564 552 564 552 564 576 564 564 564 552 564 564 564 576 576 576 576 576 576 ]
[ 65428 1056 1428 1536 1560 1560 1560 1572 1572 1572 1572 1584 1584 1584 1584 1584 1584 1584 1584 1584 1584 1584 1584 1584 1644 1608 1596 1632 1608 1632 1608 1632 1632 1608 1608 1644 1620 1632 1608 1620 1644 1632 1644 1644 1644 1632 1632 1620 1632 1644 1644 1620 1632 1632 1632 1632 1656 1632 1632 1656 1656 1644 1644 1644 1632 1632 1656 1656 1644 1656 1656 1656 1656 1656 1680 1632 1644 1656 1656 1656 1656 1656 1656 1668 1656 1668 1656 1656 1656 1680 1668 1656 1656 1656 1668 1680 1668 1668 1668 1668 1692 1680 1668 1668 1668 1680 1668 1680 1680 1668 1644 1668 1668 1680 1680 1680 1680 1680 1680 1680 ]
[ 64252 64180 64204 64180 64204 64216 64168 64228 64228 64216 64228 64228 64228 64216 64228 64228 64228 64228 64228 64228 64228 64216 64228 64216 64228 64228 64180 64228 64216 64240 64228 64228 64216 64228 64228 64228 64216 64228 64228 64228 64228 64228 64228 64228 64216 64228 64228 64228 64216 64228 64228 64216 64168 64216 64228 64228 64216 64216 64228 64228 64228 64240 64216 64228 64216 64216 64228 64204 64228 64204 64216 64228 64228 64228 64276 64216 64228 64228 64228 64228 64216 64228 64228 64228 64228 64216 64216 64228 64228 64228 64228 64216 64228 64228 64216 64228 64228 64228 64228 64228 64240 64228 64228 64228 64228 64228 64216 64228 64240 64216 64204 64228 64228 64240 64228 64228 64216 64228 64228 64228 ]
];
house_keep = [
[ 38955 38954 38964 38957 38958 38961 38954 0 ]
[ 32651 32651 32653 32648 32653 32650 32652 0 ]
[ 38954 38955 38952 38950 38954 38953 38953 0 ]
[ 50137 50186 50221 50265 50305 50310 50355 0 ]
[ 50137 50186 50221 50265 50305 50310 50355 0 ]
];
config = [309 616 2 1 0 ]