sensors_x = [
[ 19596 19260 19248 19236 19236 19212 19224 19248 19212 19200 19236 19200 19200 19200 19224 19224 19212 19200 19212 19200 19224 19200 19188 19200 19200 19200 19212 19188 19212 19176 19200 19188 19200 19188 19212 19200 19188 19200 19188 19200 19200 19200 19200 19164 19176 19176 19164 19188 19176 19176 19188 19188 19176 19188 19200 19200 19188 19176 19176 19176 19176 19164 19188 19176 19176 19188 19188 19176 19188 19188 19188 19176 19188 19188 19188 19176 19188 19176 19188 19176 19164 19176 19164 19176 19188 19188 19176 19188 19188 19164 19188 19188 19176 19188 19188 19176 19176 19188 19188 19212 19176 19176 19176 19164 19176 19200 19188 19200 19200 19176 19176 19176 19164 19164 19188 19176 19176 19200 19188 19212 ]
[ 17160 19344 19356 19344 19332 19332 19332 19332 19320 19332 19344 19320 19344 19332 19320 19320 19320 19332 19332 19320 19320 19320 19320 19320 19320 19332 19320 19308 19320 19320 19320 19320 19320 19320 19320 19320 19320 19320 19332 19320 19332 19320 19332 19308 19320 19320 19320 19320 19320 19320 19320 19320 19320 19320 19332 19320 19320 19320 19320 19320 19320 19320 19320 19308 19320 19320 19308 19320 19320 19320 19332 19320 19320 19320 19320 19320 19320 19320 19320 19320 19320 19332 19320 19320 19332 19320 19320 19320 19332 19308 19332 19320 19320 19308 19320 19308 19296 19320 19320 19320 19308 19320 19320 19320 19320 19320 19320 19320 19320 19284 19320 19320 19296 19320 19320 19308 19320 19332 19332 19332 ]
[ 11580 13704 13980 14040 14028 14004 14016 14040 14004 13992 13968 14004 14004 13992 14028 14004 14004 13992 14004 14004 13992 13992 13992 13992 13992 13992 13992 13992 13992 13992 13980 13980 13980 13980 13980 13980 13980 13980 13992 13980 13980 13980 13992 13968 13980 13980 13980 13980 13980 13980 13980 13992 13980 13980 13992 13980 13980 13980 13980 13992 13992 13980 13992 13992 13992 14016 13992 13980 13980 13980 13980 13980 13980 13980 13992 13992 13992 13980 13980 13992 13992 13980 13980 13980 13980 13992 13980 13980 13992 13992 13992 13992 14004 14004 13992 14004 14004 13992 13992 14004 14016 14004 14004 14004 14004 14004 14004 14028 14004 13992 14004 14004 14040 14028 14016 14028 14040 14052 14052 14016 ]
[ 5448 6576 6828 6864 6852 6900 6864 6864 6792 6900 6804 6864 6852 6900 6864 6852 6888 6900 6900 6900 6876 6912 6900 6876 6888 6876 6900 6900 6912 6900 6924 6900 6888 6900 6900 6900 6900 6936 6912 6876 6924 6900 6876 6924 6888 6900 6912 6900 6912 6888 6900 6876 6900 6852 6852 6876 6876 6924 6864 6864 6864 6852 6912 6840 6852 6888 6804 6876 6900 6864 6912 6912 6852 6732 6840 6864 6852 6828 6828 6864 6852 6840 6852 6852 6864 6852 6864 6852 6852 6852 6852 6852 6852 6804 6840 6852 6864 6852 6852 6876 6852 6876 6852 6852 6852 6864 6852 6852 6852 6840 6864 6852 6852 6852 6864 6840 6864 6876 6864 6900 ]
];
sensors_y = [
[ 2292 4068 4224 4236 4236 4236 4272 4248 4260 4272 4260 4272 4272 4272 4248 4272 4260 4272 4260 4272 4284 4272 4260 4272 4272 4272 4284 4260 4284 4296 4272 4284 4272 4272 4308 4296 4284 4296 4284 4320 4320 4320 4296 4308 4320 4320 4308 4308 4320 4320 4332 4308 4320 4308 4296 4320 4332 4320 4320 4320 4296 4308 4332 4320 4296 4332 4332 4320 4332 4332 4332 4320 4332 4332 4332 4320 4332 4320 4332 4320 4308 4320 4308 4320 4332 4332 4320 4332 4332 4308 4332 4332 4320 4284 4320 4320 4320 4308 4260 4284 4320 4320 4320 4308 4296 4296 4332 4296 4320 4320 4320 4320 4308 4308 4332 4320 4320 4272 4308 4284 ]
[ 64048 288 732 768 756 780 792 780 792 804 768 792 804 804 792 792 816 804 804 792 816 816 816 792 816 804 816 804 816 816 816 816 816 816 816 816 816 816 804 816 828 816 804 852 816 816 816 816 840 816 816 816 816 816 816 816 816 816 816 816 816 816 816 804 816 816 804 816 816 816 828 816 816 816 816 816 816 816 816 816 816 828 816 840 828 816 864 816 828 804 828 816 816 804 816 804 840 816 816 816 804 816 816 816 816 792 816 816 816 828 816 816 792 816 816 804 816 780 804 780 ]
[ 132 1368 1752 1872 1860 1884 1896 1896 1884 1896 1896 1884 1884 1896 1884 1884 1884 1896 1884 1884 1896 1896 1896 1896 1896 1896 1896 1896 1896 1896 1908 1908 1908 1908 1908 1908 1908 1908 1920 1908 1908 1908 1896 1920 1908 1908 1908 1908 1908 1908 1908 1896 1908 1908 1896 1908 1908 1908 1908 1896 1896 1908 1896 1896 1896 1920 1896 1908 1908 1908 1908 1908 1908 1908 1896 1896 1896 1908 1908 1896 1896 1908 1908 1908 1908 1896 1908 1908 1896 1896 1896 1896 1884 1860 1896 1884 1908 1896 1896 1884 1896 1884 1884 1884 1884 1884 1884 1860 1884 1896 1884 1884 1872 1860 1848 1860 1872 1884 1884 1848 ]
[ 64288 64168 64204 64216 64228 64276 64240 64216 64288 64276 64252 64240 64228 64276 64240 64228 64264 64276 64276 64276 64276 64288 64276 64252 64264 64252 64276 64276 64288 64276 64300 64276 64264 64276 64276 64276 64276 64312 64312 64252 64300 64276 64252 64300 64312 64276 64288 64276 64288 64264 64276 64252 64276 64228 64228 64252 64252 64300 64216 64240 64240 64228 64288 64216 64228 64264 64276 64252 64276 64240 64288 64288 64228 64228 64240 64216 64228 64252 64228 64216 64228 64216 64228 64228 64240 64228 64264 64228 64228 64228 64228 64228 64228 64252 64216 64228 64240 64228 64228 64180 64228 64204 64228 64228 64228 64228 64228 64228 64228 64216 64204 64228 64216 64204 64216 64192 64216 64180 64216 64156 ]
];
house_keep = [
[ 38953 38959 38955 38952 38958 38957 38956 0 ]
[ 32650 32649 32645 32650 32650 32649 32649 0 ]
[ 38950 38951 38949 38952 38950 38953 38953 0 ]
[ 50489 50501 50529 50555 50566 50596 50609 0 ]
[ 50489 50501 50529 50555 50566 50596 50609 0 ]
];
config = [309 616 2 1 0 ]