sensors_x = [
[ 19404 19308 19308 19308 19308 19320 19296 19308 19308 19320 19320 19320 19320 19308 19308 19308 19308 19308 19308 19296 19296 19296 19296 19284 19284 19284 19272 19296 19272 19284 19272 19260 19272 19248 19272 19272 19260 19248 19272 19260 19260 19260 19248 19260 19260 19248 19248 19248 19248 19248 19236 19248 19260 19248 19248 19248 19248 19248 19260 19260 19248 19248 19248 19248 19248 19248 19248 19248 19248 19248 19248 19272 19248 19248 19248 19248 19248 19248 19248 19248 19248 19236 19236 19248 19248 19248 19248 19236 19248 19248 19248 19248 19236 19248 19248 19248 19248 19236 19248 19248 19236 19236 19248 19248 19248 19236 19236 19248 19236 19236 19236 19236 19248 19236 19248 19248 19248 19236 19236 19236 ]
[ 19392 19404 19368 19380 19356 19380 19356 19380 19368 19368 19368 19404 19380 19380 19392 19380 19392 19404 19380 19380 19392 19392 19380 19368 19368 19368 19368 19368 19380 19368 19380 19392 19380 19368 19380 19368 19380 19392 19368 19392 19404 19392 19368 19392 19392 19392 19392 19380 19392 19392 19368 19380 19392 19380 19392 19380 19392 19392 19392 19392 19380 19392 19392 19380 19380 19392 19380 19368 19368 19368 19368 19392 19392 19368 19368 19368 19368 19368 19380 19368 19368 19368 19356 19368 19368 19380 19356 19368 19368 19356 19368 19356 19368 19368 19368 19356 19356 19356 19368 19368 19368 19356 19356 19368 19368 19368 19356 19368 19368 19368 19356 19356 19368 19380 19368 19380 19368 19368 19356 19368 ]
[ 13428 14064 14148 14160 14148 14136 14016 14160 14148 14124 14136 14124 14112 14124 14124 14100 14100 14088 14088 14088 14100 14100 14112 14112 14112 14112 14112 14112 14112 14112 14112 14112 14112 14088 14112 14112 14112 14112 14112 14112 14100 14112 14112 14112 14100 14112 14112 14112 14112 14112 14112 14112 14112 14112 14112 14112 14112 14112 14112 14112 14112 14100 14100 14112 14112 14112 14112 14112 14112 14100 14112 14100 14112 14112 14112 14112 14112 14112 14100 14112 14112 14112 14112 14112 14100 14100 14112 14112 14112 14100 14112 14112 14112 14112 14112 14112 14112 14100 14112 14112 14112 14088 14112 14112 14088 14100 14112 14112 14088 14100 14112 14112 14112 14100 14112 14124 14112 14112 14112 14112 ]
[ 6360 6756 6828 6828 6828 6816 6708 6828 6828 6816 6804 6804 6804 6804 6804 6804 6804 6804 6804 6804 6804 6792 6816 6804 6804 6816 6804 6816 6804 6816 6804 6840 6804 6816 6816 6804 6816 6852 6828 6816 6804 6804 6852 6816 6804 6804 6804 6816 6804 6804 6828 6804 6816 6804 6804 6804 6804 6804 6804 6804 6804 6804 6804 6756 6804 6804 6804 6804 6804 6804 6804 6828 6828 6804 6804 6804 6804 6804 6816 6804 6804 6816 6804 6804 6804 6828 6804 6804 6816 6804 6816 6804 6816 6804 6804 6816 6816 6804 6816 6804 6828 6804 6804 6804 6804 6828 6828 6828 6804 6804 6804 6804 6804 6804 6816 6840 6804 6804 6804 6804 ]
];
sensors_y = [
[ 3588 3972 4020 4020 4020 4056 3960 4020 4044 4056 4056 4056 4056 4068 4080 4020 4068 4068 4068 4080 4080 4080 4080 4092 4116 4092 4104 4104 4128 4092 4128 4164 4128 4152 4104 4128 4140 4152 4104 4140 4116 4140 4152 4140 4140 4152 4152 4152 4176 4176 4164 4176 4140 4176 4176 4152 4176 4152 4164 4164 4152 4176 4176 4176 4176 4176 4176 4176 4176 4176 4176 4128 4176 4176 4176 4176 4176 4176 4176 4176 4176 4188 4188 4176 4200 4176 4176 4188 4176 4176 4176 4188 4188 4176 4176 4176 4176 4188 4176 4176 4188 4188 4176 4188 4200 4188 4188 4176 4188 4188 4188 4188 4176 4188 4176 4200 4200 4188 4188 4188 ]
[ 64816 156 240 264 276 300 252 300 312 312 312 372 324 348 384 300 384 396 420 420 408 420 420 432 432 432 432 432 444 432 444 480 456 480 444 456 444 480 456 480 480 480 456 480 480 480 504 492 504 504 504 504 480 516 504 516 504 504 504 480 492 504 504 516 516 504 516 528 528 528 528 504 480 528 528 528 528 528 516 528 528 528 540 528 576 564 540 528 528 540 528 540 528 528 528 540 540 564 528 528 528 564 540 528 576 552 540 528 576 576 540 540 552 564 552 564 576 552 540 552 ]
[ 516 1152 1332 1368 1356 1428 1368 1368 1428 1452 1464 1488 1464 1476 1476 1404 1500 1512 1512 1512 1524 1524 1536 1536 1536 1536 1560 1536 1536 1560 1560 1560 1560 1536 1536 1560 1560 1560 1560 1560 1548 1560 1560 1560 1548 1560 1560 1560 1560 1560 1560 1560 1560 1560 1560 1560 1560 1560 1560 1560 1560 1548 1548 1560 1560 1560 1560 1560 1560 1548 1560 1524 1536 1560 1560 1560 1560 1560 1548 1560 1560 1560 1560 1560 1572 1572 1572 1560 1560 1548 1560 1572 1560 1560 1560 1560 1560 1572 1560 1560 1560 1584 1560 1560 1584 1548 1560 1560 1584 1572 1560 1560 1560 1572 1560 1572 1560 1560 1560 1560 ]
[ 63976 63940 63988 63988 63988 64000 63940 63988 64000 64000 64012 64012 64012 64012 64012 63964 64012 64012 64012 64012 64012 64048 64024 64012 64012 64024 64036 64024 64036 64024 64036 64072 64036 64024 64024 64036 64024 64084 64060 64024 64036 64036 64060 64048 64036 64012 64012 64024 64012 64012 63988 64012 64024 64012 64012 64012 64012 64012 64012 64012 64012 64012 64012 64084 64012 64012 64012 64012 64012 64012 64012 63988 63988 64012 64012 64012 64012 64012 64000 64012 64012 64000 64012 64012 64012 63988 64012 64012 64000 64012 64000 64012 64000 64012 64012 64000 64000 64012 64000 64012 63988 64012 64012 64012 64012 64000 63988 63988 64012 64012 64012 64012 64012 64012 64000 64024 64012 64012 64012 64012 ]
];
house_keep = [
[ 38971 38966 38969 38969 38970 38967 38965 0 ]
[ 32665 32661 32663 32657 32663 32662 32661 0 ]
[ 38963 38962 38962 38962 38962 38962 38960 0 ]
[ 48981 49063 49151 49227 49293 49386 49458 0 ]
[ 48981 49063 49151 49227 49293 49386 49458 0 ]
];
config = [309 616 2 1 0 ]