sensors_x = [
[ 19584 19272 19236 19224 19248 19224 19236 19236 19236 19236 19236 19224 19248 19236 19224 19248 19236 19248 19224 19248 19236 19236 19248 19236 19236 19248 19236 19224 19248 19248 19248 19248 19236 19236 19236 19248 19236 19236 19236 19248 19236 19212 19224 19212 19248 19260 19236 19224 19260 19260 19224 19236 19236 19248 19260 19248 19236 19224 19224 19224 19224 19212 19224 19236 19260 19212 19224 19200 19188 19200 19212 19188 19200 19200 19200 19188 19200 19188 19188 19212 19200 19212 19188 19188 19188 19188 19176 19176 19176 19200 19188 19188 19164 19164 19188 19176 19176 19176 19188 19176 19176 19176 19164 19164 19164 19164 19200 19164 19200 19176 19188 19188 19200 19164 19188 19188 19188 19188 19176 19188 ]
[ 17172 19344 19356 19356 19356 19356 19344 19344 19332 19332 19344 19344 19344 19344 19332 19344 19344 19332 19332 19332 19332 19320 19332 19332 19332 19320 19320 19320 19344 19320 19332 19332 19332 19332 19332 19332 19332 19320 19344 19332 19332 19332 19332 19320 19320 19332 19332 19320 19332 19332 19332 19332 19344 19368 19380 19344 19344 19368 19332 19368 19356 19344 19356 19356 19344 19344 19332 19332 19332 19332 19332 19332 19320 19344 19344 19344 19320 19320 19332 19320 19344 19332 19320 19320 19332 19308 19332 19332 19320 19320 19320 19320 19296 19332 19332 19320 19320 19308 19320 19296 19296 19296 19284 19320 19308 19296 19320 19320 19308 19296 19296 19308 19296 19284 19296 19296 19284 19296 19296 19296 ]
[ 11616 13788 14088 14076 14076 14076 14064 14064 14064 14064 14040 14040 14040 14028 14016 14016 14052 14040 14028 14028 14028 14016 14052 14028 14028 14028 14028 14040 14004 14028 14028 14028 14028 14028 14028 14016 14016 14016 14028 14040 14016 14016 14016 14040 14016 14016 14004 14004 14016 14028 14016 14028 14016 14004 14004 14004 13968 14028 14004 14016 14040 14016 14040 14016 14016 14040 14016 13992 14004 14016 14028 13992 13992 14016 14016 14004 14016 14004 14028 14004 14004 14004 14004 13992 13992 13992 13980 13980 13980 13980 13980 13980 13920 13956 13920 13968 13920 13920 13932 13920 13920 13932 13944 13956 13920 13956 13932 13956 13956 13944 13932 13932 13944 13932 13932 13944 13944 13932 13932 13956 ]
[ 5496 6612 6852 6900 6888 6888 6852 6840 6828 6840 6852 6852 6852 6864 6864 6828 6852 6864 6852 6852 6852 6828 6840 6840 6840 6852 6852 6852 6852 6852 6852 6840 6864 6852 6852 6852 6852 6852 6840 6852 6852 6852 6864 6852 6864 6852 6852 6864 6852 6852 6852 6864 6852 6852 6852 6852 6852 6840 6840 6852 6864 6828 6852 6852 6852 6924 6852 6804 6852 6780 6912 6900 6864 6888 6864 6876 6924 6924 6924 6900 6852 6876 6888 6900 6900 6852 6900 6900 6900 6924 6924 6900 6876 6864 6900 6924 6912 6924 6900 6900 6900 6900 6888 6888 6900 6852 6912 6888 6900 6864 6864 6828 6864 6900 6888 6828 6900 6804 6876 6876 ]
];
sensors_y = [
[ 2160 3960 4116 4128 4176 4176 4164 4188 4188 4188 4188 4176 4200 4188 4176 4200 4188 4200 4176 4200 4188 4188 4200 4188 4188 4200 4188 4176 4200 4200 4224 4200 4188 4212 4188 4200 4188 4188 4212 4224 4236 4188 4200 4188 4224 4248 4212 4200 4236 4236 4224 4212 4236 4248 4236 4224 4212 4224 4200 4224 4248 4236 4224 4236 4236 4236 4248 4272 4260 4248 4248 4284 4248 4248 4248 4260 4296 4260 4260 4284 4272 4284 4284 4260 4284 4260 4272 4272 4272 4296 4284 4284 4308 4284 4308 4296 4272 4272 4308 4296 4320 4320 4308 4308 4308 4308 4296 4308 4344 4320 4332 4332 4344 4308 4332 4332 4332 4332 4320 4332 ]
[ 63844 96 444 540 564 564 600 600 588 588 600 600 600 600 612 600 600 612 612 612 612 624 612 636 636 624 624 624 600 624 660 660 636 636 636 660 636 648 648 636 708 660 636 624 648 660 660 648 660 660 672 660 672 696 732 720 672 744 708 744 756 744 756 756 768 768 756 780 780 756 756 780 768 768 768 768 792 792 780 792 768 780 792 792 804 780 816 804 816 816 816 816 840 828 828 840 840 852 840 840 888 888 876 912 900 888 888 912 924 936 936 924 936 924 960 960 924 936 936 936 ]
[ 65512 1164 1584 1692 1692 1692 1680 1680 1704 1704 1728 1728 1728 1740 1728 1728 1740 1764 1764 1764 1764 1728 1764 1788 1764 1764 1764 1776 1764 1788 1788 1788 1788 1788 1788 1776 1776 1776 1800 1800 1800 1800 1776 1764 1800 1800 1812 1788 1800 1812 1800 1788 1824 1836 1836 1836 1800 1860 1812 1848 1872 1848 1872 1848 1848 1872 1872 1872 1884 1872 1860 1896 1872 1872 1896 1884 1896 1884 1920 1884 1884 1884 1884 1896 1896 1896 1908 1908 1908 1908 1908 1908 1968 1932 1968 1920 1968 1992 1968 1968 1992 2004 2016 2028 1992 2028 2004 2028 2052 2064 2052 2052 2064 2076 2052 2064 2064 2052 2052 2052 ]
[ 64240 64132 64180 64156 64168 64168 64204 64192 64204 64192 64204 64228 64228 64216 64192 64204 64204 64216 64228 64228 64228 64228 64216 64216 64216 64228 64204 64216 64204 64228 64228 64216 64204 64228 64228 64228 64228 64228 64216 64228 64228 64228 64216 64204 64216 64228 64228 64216 64228 64228 64228 64216 64228 64228 64228 64228 64228 64216 64216 64228 64240 64204 64228 64240 64228 64300 64228 64276 64252 64276 64288 64276 64264 64264 64240 64252 64300 64300 64300 64276 64228 64252 64264 64276 64276 64252 64276 64276 64276 64300 64300 64276 64324 64336 64324 64300 64324 64312 64324 64324 64324 64348 64360 64348 64324 64372 64312 64336 64324 64360 64360 64396 64372 64396 64336 64324 64324 64420 64360 64348 ]
];
house_keep = [
[ 38952 38957 38956 38949 38950 38951 38941 0 ]
[ 32644 32649 32645 32644 32642 32644 32645 0 ]
[ 38949 38952 38949 38949 38948 38949 38949 0 ]
[ 50446 50489 50485 50513 50536 50558 50548 0 ]
[ 50446 50489 50485 50513 50536 50558 50548 0 ]
];
config = [309 616 2 1 0 ]