sensors_x = [
[ 19584 19272 19236 19224 19236 19236 19236 19236 19224 19236 19236 19236 19248 19224 19224 19248 19224 19248 19236 19236 19248 19236 19248 19248 19236 19248 19260 19236 19248 19248 19236 19236 19236 19224 19236 19236 19224 19248 19236 19224 19236 19260 19248 19224 19236 19260 19248 19248 19236 19260 19236 19248 19248 19224 19236 19248 19236 19224 19248 19224 19236 19236 19236 19224 19248 19248 19236 19236 19236 19236 19212 19212 19224 19236 19236 19236 19248 19224 19236 19236 19236 19236 19224 19248 19248 19248 19260 19236 19236 19224 19236 19260 19236 19260 19236 19236 19248 19236 19236 19224 19248 19224 19236 19248 19236 19260 19236 19224 19224 19236 19224 19200 19248 19248 19248 19236 19248 19224 19224 19236 ]
[ 17172 19344 19380 19356 19368 19356 19368 19344 19344 19344 19344 19344 19344 19344 19344 19344 19344 19344 19344 19344 19344 19344 19344 19344 19332 19344 19344 19344 19332 19332 19320 19332 19344 19320 19332 19320 19332 19332 19332 19332 19332 19332 19332 19332 19320 19320 19332 19332 19332 19332 19320 19332 19320 19332 19332 19332 19320 19332 19332 19332 19332 19332 19320 19332 19344 19308 19332 19320 19320 19332 19320 19320 19332 19320 19320 19344 19320 19344 19320 19308 19320 19332 19320 19332 19332 19332 19332 19320 19332 19320 19332 19332 19320 19308 19332 19332 19332 19320 19320 19332 19308 19320 19332 19320 19332 19320 19332 19332 19332 19332 19332 19332 19332 19332 19320 19332 19332 19320 19332 19332 ]
[ 11604 13776 14064 14052 14064 14064 14064 14064 14064 14076 14076 14064 14064 14076 14064 14064 14064 14064 14052 14064 14028 14040 14040 14040 14040 14040 14040 14040 14052 14052 14028 14040 14052 14064 14028 14040 14052 14028 14028 14040 14004 14028 14028 14028 14040 14040 14028 14040 14040 14028 14016 14028 14028 14028 14028 14028 14028 14016 14040 14016 14028 14016 14028 14016 14016 14028 14028 14016 14028 14028 14028 14016 14028 14028 14028 14028 14016 14028 14064 14040 14028 14016 14028 14052 14028 14016 14028 14028 14028 13992 14016 14028 14028 14040 14028 14028 14016 14028 14028 14004 14028 14028 14028 14028 14016 14028 14028 14016 14028 14016 14004 13968 14016 14016 14028 14016 14004 14016 14028 14028 ]
[ 5484 6576 6780 6876 6888 6888 6888 6888 6828 6864 6900 6840 6864 6864 6840 6852 6840 6840 6864 6852 6852 6852 6876 6852 6852 6876 6864 6840 6852 6852 6852 6840 6852 6852 6840 6852 6852 6852 6852 6828 6828 6864 6852 6852 6840 6852 6864 6864 6864 6852 6852 6852 6864 6804 6840 6852 6876 6852 6852 6852 6852 6840 6852 6852 6864 6852 6852 6840 6828 6852 6840 6852 6852 6852 6852 6852 6852 6852 6864 6852 6852 6852 6840 6852 6840 6852 6852 6852 6876 6840 6864 6852 6852 6900 6852 6852 6852 6840 6852 6852 6852 6852 6852 6852 6852 6852 6852 6816 6852 6852 6852 6840 6852 6852 6852 6852 6852 6852 6852 6852 ]
];
sensors_y = [
[ 2184 3960 4140 4152 4164 4164 4188 4188 4176 4188 4188 4188 4200 4176 4176 4200 4176 4200 4188 4188 4200 4188 4200 4200 4212 4200 4212 4188 4200 4224 4188 4212 4212 4176 4188 4188 4200 4224 4212 4200 4212 4236 4224 4224 4212 4236 4224 4224 4212 4236 4212 4200 4200 4176 4212 4224 4188 4200 4224 4176 4212 4200 4212 4200 4248 4224 4212 4212 4200 4212 4188 4188 4200 4212 4212 4188 4224 4200 4212 4212 4188 4212 4200 4200 4224 4224 4236 4212 4212 4200 4236 4236 4212 4236 4212 4212 4224 4212 4212 4200 4224 4200 4212 4224 4212 4236 4212 4200 4200 4212 4200 4200 4224 4224 4224 4212 4248 4200 4176 4212 ]
[ 63868 96 492 540 576 564 576 600 600 600 600 600 600 600 600 600 600 600 600 600 600 600 600 600 612 600 600 600 612 612 600 636 648 624 612 624 636 636 636 636 636 636 636 660 624 624 636 636 612 636 624 612 624 612 624 612 624 612 660 612 612 636 624 636 648 612 612 624 624 636 624 624 612 624 624 600 600 648 624 612 624 636 624 612 636 612 636 624 636 624 660 636 624 612 636 636 636 624 624 636 612 624 612 624 624 624 636 636 636 612 636 660 636 636 624 636 636 624 612 636 ]
[ 36 1152 1560 1644 1680 1680 1680 1680 1680 1692 1692 1704 1680 1692 1680 1704 1704 1704 1716 1704 1716 1704 1728 1728 1728 1728 1740 1728 1740 1740 1740 1752 1740 1752 1716 1764 1740 1740 1740 1752 1740 1764 1764 1788 1752 1752 1764 1752 1752 1764 1776 1740 1764 1740 1764 1764 1764 1776 1800 1752 1764 1776 1764 1776 1800 1776 1764 1776 1764 1764 1788 1776 1764 1764 1788 1764 1776 1788 1776 1776 1764 1776 1764 1764 1788 1776 1788 1788 1788 1776 1800 1788 1788 1788 1788 1788 1800 1788 1788 1788 1788 1788 1788 1788 1788 1788 1788 1800 1788 1800 1788 1800 1800 1776 1788 1800 1788 1776 1788 1800 ]
[ 64228 64144 64204 64156 64144 64144 64168 64144 64204 64168 64168 64216 64168 64192 64204 64228 64192 64192 64192 64192 64204 64204 64180 64204 64204 64180 64192 64192 64204 64204 64204 64240 64228 64228 64192 64204 64204 64228 64204 64228 64228 64216 64228 64228 64216 64204 64216 64216 64216 64228 64228 64204 64216 64252 64228 64228 64204 64228 64228 64228 64228 64216 64228 64228 64240 64228 64228 64216 64228 64228 64216 64228 64228 64216 64228 64228 64228 64228 64192 64228 64228 64228 64216 64228 64216 64228 64228 64228 64252 64216 64240 64228 64228 64276 64228 64228 64228 64240 64228 64228 64228 64228 64228 64228 64228 64228 64228 64240 64228 64228 64228 64240 64228 64228 64228 64228 64228 64228 64228 64228 ]
];
house_keep = [
[ 38954 38953 38955 38957 38952 38949 38955 0 ]
[ 32645 32650 32650 32649 32648 32645 32650 0 ]
[ 38949 38949 38952 38949 38949 38948 38949 0 ]
[ 50378 50406 50443 50469 50495 50511 50535 0 ]
[ 50378 50406 50443 50469 50495 50511 50535 0 ]
];
config = [309 616 2 1 0 ]