sensors_x = [
[ 19608 19296 19296 19284 19272 19248 19260 19224 19248 19212 19236 19248 19248 19248 19248 19248 19236 19236 19236 19248 19224 19236 19248 19224 19236 19224 19236 19236 19248 19224 19236 19236 19236 19248 19236 19224 19236 19236 19236 19236 19236 19236 19236 19236 19236 19236 19212 19236 19236 19236 19236 19236 19236 19224 19248 19236 19248 19248 19236 19236 19248 19236 19236 19236 19236 19224 19236 19236 19236 19248 19248 19236 19248 19248 19248 19248 19248 19236 19248 19248 19224 19248 19236 19248 19224 19236 19212 19212 19236 19248 19248 19248 19248 19224 19224 19248 19224 19224 19236 19224 19248 19212 19236 19248 19248 19236 19236 19236 19248 19260 19236 19248 19236 19248 19248 19248 19236 19260 19248 19248 ]
[ 17112 19368 19356 19356 19356 19356 19356 19344 19368 19368 19368 19356 19356 19356 19344 19356 19356 19356 19368 19368 19368 19368 19368 19356 19356 19368 19356 19356 19356 19368 19356 19344 19356 19344 19344 19356 19356 19368 19368 19368 19368 19368 19356 19368 19368 19368 19368 19368 19356 19344 19368 19344 19344 19344 19344 19356 19344 19344 19344 19344 19344 19344 19344 19344 19344 19344 19332 19344 19344 19344 19332 19332 19332 19344 19332 19332 19332 19332 19320 19320 19332 19332 19332 19332 19332 19344 19368 19332 19332 19332 19332 19344 19332 19332 19332 19332 19332 19332 19332 19332 19332 19344 19332 19332 19332 19332 19332 19332 19368 19332 19344 19332 19344 19332 19332 19332 19344 19344 19332 19344 ]
[ 11628 13812 14052 14100 14088 14088 14076 14052 14064 14052 14064 14064 14052 14052 14052 14064 14064 14052 14064 14064 14064 14064 14064 14064 14064 14088 14052 14064 14052 14064 14064 14052 14052 14064 14052 14064 14064 14052 14064 14052 14064 14064 14064 14064 14064 14064 14064 14064 14064 14076 14064 14040 14052 14064 14052 14064 14040 14040 14040 14064 14076 14040 14052 14040 14040 14052 14040 14040 14076 14040 14028 14016 14028 14028 14028 14016 14016 14028 14028 14028 14028 13992 14016 14004 14028 14028 14040 13992 13992 14016 14028 14040 14016 14016 14016 14016 14004 14016 14028 14004 14028 13992 14016 14016 14016 14016 14016 14016 13992 14016 14028 14016 14016 14016 14016 14016 14016 14028 14016 14016 ]
[ 5496 6624 6840 6840 6852 6864 6864 6852 6864 6840 6852 6852 6864 6852 6852 6876 6852 6864 6852 6864 6864 6864 6864 6852 6864 6864 6840 6840 6852 6876 6852 6852 6828 6840 6840 6864 6852 6852 6840 6852 6864 6852 6852 6840 6852 6828 6840 6828 6828 6852 6840 6840 6864 6852 6852 6876 6864 6864 6852 6864 6876 6852 6852 6852 6852 6852 6852 6852 6864 6852 6852 6852 6852 6852 6852 6852 6852 6852 6840 6816 6840 6816 6852 6816 6852 6852 6900 6864 6852 6852 6852 6852 6852 6828 6852 6828 6876 6840 6828 6852 6852 6840 6840 6840 6852 6852 6828 6852 6876 6840 6852 6864 6852 6840 6840 6828 6852 6852 6864 6852 ]
];
sensors_y = [
[ 2160 3936 4080 4092 4104 4128 4140 4128 4152 4116 4140 4152 4152 4152 4152 4152 4140 4140 4140 4152 4152 4140 4152 4176 4164 4152 4164 4188 4176 4152 4164 4164 4152 4176 4188 4176 4188 4176 4188 4188 4188 4188 4188 4188 4188 4188 4164 4188 4188 4188 4188 4188 4188 4176 4200 4188 4200 4200 4188 4188 4200 4188 4188 4188 4188 4176 4188 4188 4188 4200 4200 4188 4200 4200 4200 4200 4200 4188 4200 4200 4176 4200 4212 4200 4200 4188 4236 4188 4212 4200 4200 4200 4200 4200 4200 4224 4200 4200 4212 4200 4224 4188 4212 4224 4224 4212 4212 4212 4224 4236 4236 4224 4188 4224 4224 4224 4236 4224 4224 4224 ]
[ 63784 0 324 444 444 444 444 456 456 456 480 516 516 516 504 516 516 516 528 528 528 528 528 540 540 540 540 540 540 528 540 552 564 552 552 540 564 576 576 576 576 576 564 576 576 576 576 576 588 600 576 600 600 600 600 588 600 600 600 600 600 600 600 600 600 600 588 600 600 600 612 612 612 600 612 612 612 612 624 624 636 636 636 636 636 648 696 660 660 636 636 648 636 660 660 660 660 660 660 660 660 648 660 660 660 660 660 660 696 660 672 660 648 660 660 660 672 648 660 672 ]
[ 65500 1068 1476 1572 1584 1596 1596 1620 1632 1644 1632 1632 1644 1644 1644 1656 1656 1644 1656 1656 1656 1656 1656 1656 1656 1680 1668 1656 1668 1656 1668 1668 1668 1668 1668 1680 1680 1668 1680 1668 1680 1680 1680 1680 1680 1680 1680 1680 1680 1692 1680 1704 1692 1692 1692 1680 1728 1704 1728 1704 1692 1728 1740 1728 1728 1740 1752 1752 1740 1764 1764 1776 1764 1764 1764 1776 1776 1788 1788 1788 1788 1776 1800 1788 1788 1812 1872 1824 1812 1800 1788 1800 1800 1800 1800 1800 1812 1824 1860 1812 1836 1776 1800 1800 1800 1800 1800 1824 1824 1800 1812 1800 1800 1800 1800 1800 1800 1788 1800 1800 ]
[ 64240 64144 64192 64192 64204 64216 64216 64228 64216 64216 64228 64228 64216 64228 64228 64216 64228 64216 64228 64216 64216 64216 64216 64228 64216 64216 64216 64216 64204 64180 64228 64228 64228 64216 64216 64204 64204 64204 64216 64204 64216 64204 64204 64192 64204 64204 64192 64204 64204 64204 64216 64216 64216 64204 64228 64180 64216 64216 64228 64216 64204 64228 64228 64228 64228 64228 64228 64228 64216 64228 64228 64228 64228 64228 64228 64228 64228 64228 64216 64240 64216 64240 64228 64240 64228 64228 64276 64240 64228 64228 64228 64228 64228 64276 64324 64240 64252 64216 64228 64228 64228 64216 64216 64216 64228 64228 64228 64228 64252 64216 64228 64240 64228 64216 64216 64228 64228 64228 64216 64228 ]
];
house_keep = [
[ 38958 38953 38957 38956 38959 38957 38954 0 ]
[ 32651 32650 32649 32652 32651 32650 32648 0 ]
[ 38952 38953 38953 38952 38949 38950 38951 0 ]
[ 50304 50333 50370 50386 50375 50426 50450 0 ]
[ 50304 50333 50370 50386 50375 50426 50450 0 ]
];
config = [309 616 2 1 0 ]