sensors_x = [
[ 19116 19128 19128 19128 19128 19128 19116 19128 19128 19128 19116 19116 19116 19116 19116 19116 19128 19128 19104 19116 19116 19104 19116 19116 19116 19116 19116 19116 19116 19116 19116 19116 19116 19116 19116 19116 19116 19116 19116 19116 19116 19116 19116 19092 19116 19092 19116 19104 19116 19116 19092 19104 19116 19116 19104 19092 19116 19116 19116 19116 19116 19116 19104 19116 19116 19116 19116 19104 19104 19116 0 0 0 0 0 ]
[ 19332 19332 19332 19344 19344 19320 19332 19344 19344 19332 19356 19344 19356 19356 19332 19344 19344 19344 19368 19356 19344 19344 19344 19344 19344 19344 19344 19344 19344 19356 19344 19344 19356 19344 19344 19356 19344 19344 19356 19344 19344 19356 19344 19344 19344 19344 19344 19344 19344 19344 19344 19320 19332 19344 19332 19344 19344 19344 19344 19344 19344 19344 19344 19344 19320 19344 19344 19344 19344 19344 0 0 0 0 0 ]
[ 13980 14004 14004 14004 14004 14004 14004 14016 14016 14004 14004 14004 13992 13992 14004 14004 14004 14004 13980 13992 14004 14004 13992 14004 13992 14004 13992 14004 13992 14004 13992 14004 14004 14004 13980 13980 14004 13980 13980 13980 13992 13992 13992 13992 13992 13968 13992 13956 13968 13992 13980 13992 13992 13968 13968 13956 13992 13968 13956 13980 13968 13956 13956 13956 13956 13980 13968 13968 14004 13980 0 0 0 0 0 ]
[ 6840 6852 6840 6780 6864 6840 6792 6852 6864 6852 6840 6840 6852 6840 6840 6852 6828 6864 6816 6852 6864 6864 6864 6876 6864 6840 6876 6876 6876 6876 6864 6864 6876 6852 6852 6852 6840 6852 6840 6852 6840 6840 6840 6852 6828 6828 6828 6792 6828 6828 6840 6828 6828 6840 6816 6828 6828 6828 6828 6840 6828 6840 6840 6816 6816 6816 6840 6816 6840 6876 0 0 0 0 0 ]
];
sensors_y = [
[ 4644 4680 4680 4656 4656 4680 4668 4728 4680 4728 4668 4692 4740 4668 4740 4692 4680 4704 4728 4716 4692 4704 4740 4740 4740 4740 4740 4740 4740 4740 4740 4740 4740 4740 4740 4740 4740 4740 4740 4740 4740 4740 4740 4716 4740 4716 4740 4704 4740 4740 4716 4728 4740 4740 4728 4716 4740 4740 4740 4740 4740 4740 4728 4740 4740 4740 4740 4728 4728 4740 0 0 0 0 0 ]
[ 1044 1044 1068 1056 1056 1056 1068 1080 1080 1068 1092 1080 1092 1092 1092 1104 1104 1104 1128 1116 1104 1104 1104 1104 1104 1104 1104 1104 1128 1116 1104 1104 1116 1104 1104 1140 1152 1152 1140 1152 1152 1152 1152 1128 1152 1152 1128 1104 1128 1152 1152 1128 1140 1128 1140 1152 1152 1152 1152 1152 1152 1152 1152 1152 1152 1104 1152 1152 1128 1152 0 0 0 0 0 ]
[ 1812 1812 1836 1836 1836 1836 1836 1860 1848 1860 1860 1860 1848 1848 1860 1860 1860 1860 1884 1872 1860 1860 1872 1860 1872 1860 1872 1872 1872 1860 1872 1860 1860 1860 1884 1884 1860 1884 1884 1884 1872 1884 1872 1872 1884 1896 1872 1860 1896 1872 1884 1884 1872 1896 1896 1908 1872 1896 1908 1884 1896 1908 1908 1908 1884 1896 1896 1896 1860 1884 0 0 0 0 0 ]
[ 64120 64132 64120 64060 64144 64120 64072 64132 64144 64132 64120 64120 64132 64120 64144 64132 64108 64168 64144 64156 64156 64156 64144 64156 64144 64144 64156 64156 64156 64156 64168 64144 64156 64180 64180 64180 64192 64192 64192 64180 64192 64192 64192 64180 64204 64204 64204 64216 64204 64204 64216 64204 64204 64216 64240 64228 64228 64228 64228 64216 64228 64228 64216 64240 64252 64240 64216 64240 64216 64252 0 0 0 0 0 ]
];
house_keep = [
[ 38973 38970 38972 38970 0 ]
[ 32663 32665 32663 32663 0 ]
[ 38965 38966 38963 38964 0 ]
[ 48853 48941 49033 49122 0 ]
[ 48853 48941 49033 49122 0 ]
];
config = [309 616 2 1 0 ]