sensors_x = [
[ 336 65104 65092 64264 65308 64828 65164 65272 144 65032 24 65164 65404 64816 65056 65344 64396 63628 60388 60676 57520 61012 60592 60796 60532 61060 60448 60772 60640 60460 60604 59608 60460 60688 60664 60136 61360 60700 61000 60208 60592 61108 60676 60172 60400 60868 60964 60640 60412 60556 60196 60052 60088 60472 60640 60148 60328 60616 60160 60436 61132 60460 60700 60532 60172 60592 60076 60724 60232 60400 60544 61372 59764 60484 60508 61120 64228 64396 64156 63304 63328 63832 63208 65200 63772 63820 63388 64156 64180 64324 64768 64756 64888 64792 276 12 65332 65248 65200 65056 0 0 0 0 0 ]
[ 65524 65500 96 65392 65488 65344 65428 65380 65368 65344 65428 65392 65380 65452 65248 65500 65020 65092 64516 64552 64240 64672 64660 64588 64648 64612 64624 64648 64552 64648 64612 64636 64612 64696 64672 64564 64684 64612 64648 64648 64600 64588 64636 64612 64636 64600 64648 64576 64624 64624 64660 64660 64660 64660 64672 64648 64588 64624 64708 64588 64636 64588 64708 64636 64612 64660 64600 64612 64648 64648 64600 64576 64636 64648 64612 64648 65128 65152 65092 65212 65080 65080 65020 65392 65260 65164 65056 65248 65176 65188 65188 65308 65332 65356 65320 65368 65296 65356 65416 65320 0 0 0 0 0 ]
[ 63016 63628 61876 65200 53704 57148 52828 57328 56320 55852 55624 55684 62356 65020 57892 57472 55516 55840 55720 56128 56068 55564 55420 55072 54916 54868 54892 54940 54904 54928 54916 54904 54940 54916 54856 54868 54928 54892 54892 54880 54892 54916 54904 54904 54904 54868 54856 54868 54880 54832 54904 54856 54880 54856 54844 54868 54844 54880 54892 54904 54868 54784 54880 54844 54880 54856 54892 54880 54880 54868 54892 54892 54928 54844 54892 54748 56800 54988 55528 55192 54736 55528 65020 49132 55024 56080 55456 55624 55216 55300 55396 57748 54760 54748 54904 54904 54832 54904 54892 54868 0 0 0 0 0 ]
[ 108 324 64780 65188 65164 64888 65116 64720 65224 65176 65056 64816 65524 65488 65308 65452 63664 63808 61048 60736 59092 61144 61072 60640 61636 61264 60988 61456 61012 61252 60880 62476 61084 61432 60892 61624 60700 60820 61420 61240 60880 61180 61540 60472 61252 61480 61324 61468 61108 61096 61780 60904 61528 61120 61000 61444 60940 61276 61492 61468 61660 61612 61636 61432 61420 61288 60436 61660 60772 60952 61132 61432 60832 61768 61240 61528 63736 63304 63484 63112 63592 62956 63184 65320 64708 63832 63976 64708 64096 63964 64564 64660 64888 64540 65068 64900 64504 65140 65404 64672 0 0 0 0 0 ]
];
sensors_y = [
[ 432 48 180 64672 64732 65428 65356 64912 64672 64504 65152 65524 1020 64288 64960 65248 63892 63340 59188 59884 57160 59404 60664 60460 60148 60580 60304 60460 60136 59884 59836 60664 60220 60808 61120 60016 60040 60412 59512 61192 60592 60148 59836 60280 60280 60604 60568 60136 60316 61204 60316 60604 60160 60736 61288 61180 59896 60256 59848 60520 60664 59908 61324 60148 60052 60592 61300 60844 60616 60568 60856 59848 60604 60532 60268 59536 64036 64516 64444 63832 64192 64000 63832 64240 64060 64924 64324 64324 64108 64444 64624 65284 64480 64864 64396 65392 64876 64456 65248 65224 0 0 0 0 0 ]
[ 65404 65356 65296 65464 65272 65272 65428 65332 65296 65416 65332 65416 65476 65404 65512 65356 64924 64828 64276 64240 63760 64504 64348 64396 64384 64444 64360 64432 64336 64360 64372 64504 64276 64408 64408 64324 64420 64372 64456 64336 64336 64348 64468 64396 64396 64480 64408 64432 64408 64408 64468 64420 64420 64420 64432 64312 64420 64408 64396 64396 64420 64444 64492 64444 64396 64444 64432 64564 64384 64480 64456 64480 64492 64408 64444 64408 65080 65032 64996 65044 64984 64912 64948 65368 65140 64996 64960 65128 65128 65164 65188 65260 65308 65308 65296 65224 65296 65260 65344 65368 0 0 0 0 0 ]
[ 61576 62164 63028 65200 56392 52996 53452 50632 50488 49612 49744 49684 62356 63892 65236 49576 44716 44392 44512 44104 44164 44668 44812 45160 45316 45364 45340 45292 45328 45304 45316 45328 45292 45316 45376 45364 45304 45340 45340 45352 45340 45316 45328 45328 45328 45364 45376 45364 45352 45400 45328 45376 45352 45376 45388 45364 45388 45352 45340 45328 45364 45448 45352 45388 45352 45376 45340 45364 45352 45364 45340 45340 45304 45388 45340 45484 47296 46180 44704 45040 45496 44704 41332 3924 50416 44152 44776 44608 45016 44932 44836 58492 46552 46252 46648 46600 46696 46480 46708 46732 0 0 0 0 0 ]
[ 64684 64612 64396 64348 65104 64360 65140 64936 64360 64528 64648 64384 65116 65128 64900 64276 62896 62776 59296 59488 57676 60124 60400 61000 60604 60760 60508 60280 59476 59932 60484 58360 60364 59992 60316 60304 58540 60220 60256 59944 60640 60580 60436 60592 60340 60280 60028 60148 59788 59968 60556 60400 59536 60472 60592 60100 60292 60340 60748 59980 59524 60100 59668 60544 60004 60172 59836 60484 60028 61216 59956 60736 60328 60568 60040 60160 63040 63136 62812 62728 63088 62644 62872 64528 63436 63424 62608 63820 62824 62596 63220 64924 64288 64420 64468 64324 64600 64396 64588 63868 0 0 0 0 0 ]
];
house_keep = [
[ 44483 44486 44482 44486 44483 44490 0 ]
[ 32644 32646 32646 32644 32644 32644 0 ]
[ 65183 65178 65181 65182 65180 65177 0 ]
[ 24772 24900 25005 25081 25200 25293 0 ]
[ 24772 24900 25005 25081 25200 25293 0 ]
];
config = [309 616 2 1 0 ]