sensors_x = [
[ 60220 59968 60088 59620 59956 59860 59908 59404 59068 59620 59620 59992 59968 60280 59092 59356 59680 59956 60448 59632 59980 59920 59500 59764 60088 59884 59932 60256 59716 60700 59668 59620 59788 59620 59572 60028 59848 59692 59368 60124 60196 60028 59812 59548 60112 59728 59944 59644 59944 59896 59560 60436 60028 59968 60028 59692 60088 60184 60124 59704 60040 60196 59560 60268 59416 59596 60160 59836 59632 60112 60016 59476 59728 59824 59500 59440 59800 59620 59308 59944 59644 59764 60040 59788 59752 59464 59524 59440 60160 59584 59980 59548 60028 59884 59632 59764 59608 59836 59356 59584 0 0 0 0 0 ]
[ 64708 64792 64744 64684 64672 64720 64648 64684 64624 64660 64636 64732 64720 64696 64684 64708 64612 64636 64660 64732 64684 64648 64660 64672 64684 64756 64696 64672 64732 64684 64732 64660 64696 64780 64744 64720 64804 64732 64708 64696 64720 64672 64756 64624 64684 64636 64696 64756 64744 64648 64732 64684 64600 64648 64696 64696 64708 64708 64696 64768 64720 64720 64696 64792 64732 64660 64660 64768 64732 64720 64708 64588 64672 64624 64720 64780 64612 64684 64648 64708 64744 64696 64708 64588 64696 64684 64684 64744 64816 64540 64708 64648 64696 64768 64612 64672 64624 64636 64624 64732 0 0 0 0 0 ]
[ 54952 55000 55012 55072 55060 55024 55036 54976 55060 55060 55048 55096 55072 55072 55072 55060 55036 55084 55096 55060 55024 55048 55048 55096 54988 55000 55000 54976 55036 55036 55000 55024 55024 55000 55024 54988 54988 55084 55012 55024 55000 55024 55048 55000 55036 55084 54988 55036 54988 54964 55012 54988 55000 55024 55000 54976 54976 55012 55036 54964 54976 54988 55012 55036 55000 55012 55012 55012 55024 55048 55012 55000 55012 55084 55060 54964 55048 55048 55084 55060 55060 55072 55072 55048 55036 55072 55072 55072 55036 55072 55084 55024 55024 55048 55024 55024 55000 55000 55048 55036 0 0 0 0 0 ]
[ 61336 62164 60652 61012 61864 61516 61708 61624 61384 61408 62152 61780 61564 61528 61780 61480 61324 61576 61396 61648 61624 61576 61636 61636 61300 61480 61084 62188 61660 61324 61492 61048 61900 61408 61540 61948 61228 61972 61108 61312 61852 62104 61372 61552 61372 61672 61636 61684 61624 61864 60688 61336 61636 61528 61216 61552 61840 61300 61792 61264 61672 61420 61744 61648 61636 61708 61708 61552 61576 61576 61816 62068 60868 63952 61444 61324 61468 61684 61480 60928 61468 61024 62068 61336 61588 61204 61456 61828 62260 61120 61696 61876 61744 62692 61504 61252 61564 61792 61624 61612 0 0 0 0 0 ]
];
sensors_y = [
[ 59812 59032 58660 59428 59524 58468 59560 58972 59572 58660 59284 58984 59344 59392 59428 59716 60160 59476 59272 59200 60052 59440 59188 59620 59128 59452 59524 59584 59188 59548 58804 59332 59884 58924 59776 58972 59824 59716 59416 59308 58756 59020 58996 59500 59464 59728 59224 59260 59200 58840 59512 59620 59116 59752 59044 58564 59008 59584 58948 59824 59560 59308 59344 58708 59488 59404 58816 59068 58972 59416 59248 59452 59968 59176 59668 58960 58972 58900 59428 59656 59620 59260 58624 58660 59152 59080 59956 58768 59440 59320 59644 59308 60340 59116 59128 59236 58888 59764 58564 59224 0 0 0 0 0 ]
[ 64516 64576 64480 64516 64360 64432 64384 64468 64528 64468 64468 64468 64360 64480 64468 64540 64492 64468 64468 64468 64492 64408 64444 64504 64492 64492 64480 64480 64516 64516 64492 64492 64456 64444 64528 64504 64540 64468 64480 64528 64456 64384 64516 64456 64468 64468 64504 64420 64528 64432 64420 64516 64408 64480 64480 64480 64420 64468 64444 64504 64480 64504 64456 64480 64564 64396 64480 64528 64444 64456 64420 64420 64480 64576 64456 64588 64420 64528 64432 64372 64456 64432 64492 64564 64432 64492 64492 64384 64408 64516 64396 64528 64600 64600 64372 64504 64480 64408 64480 64612 0 0 0 0 0 ]
[ 45280 45232 45220 45160 45172 45208 45196 45256 45172 45172 45184 45136 45160 45160 45160 45172 45196 45148 45136 45172 45208 45184 45184 45136 45244 45232 45232 45256 45196 45196 45232 45208 45208 45232 45208 45244 45244 45148 45220 45208 45232 45208 45184 45232 45196 45148 45244 45196 45244 45268 45220 45244 45232 45208 45232 45256 45256 45220 45196 45268 45256 45244 45220 45196 45232 45220 45220 45220 45208 45184 45220 45232 45220 45148 45172 45268 45184 45184 45148 45172 45172 45160 45160 45184 45196 45160 45160 45160 45196 45160 45148 45208 45208 45184 45208 45208 45232 45232 45184 45196 0 0 0 0 0 ]
[ 60904 61108 60964 60580 60784 61204 61396 60568 61000 60856 60244 60844 61012 60112 61060 60856 61300 60424 60820 61240 60856 60688 60796 60748 60892 60760 61132 59908 60988 60868 61300 60856 60628 61360 60868 60868 61276 60340 60580 61024 60532 61336 61072 60976 61012 60664 60052 60460 61192 60832 60280 61000 60964 60808 60808 60424 60592 60772 60580 61408 60952 60508 61288 60904 60532 60748 60892 60856 60808 61024 60664 60772 60868 60928 61324 61468 60172 60604 60856 61480 60916 60832 60748 60736 60472 61540 60808 60808 60436 61024 59980 60196 60544 58756 60712 60148 60748 60352 61000 61300 0 0 0 0 0 ]
];
house_keep = [
[ 44516 44509 44513 44508 44514 44512 0 ]
[ 32640 32640 32640 32642 32642 32640 0 ]
[ 65173 65176 65173 65171 65170 65171 0 ]
[ 25567 25642 25700 25762 25856 25902 0 ]
[ 25567 25642 25700 25762 25856 25902 0 ]
];
config = [309 616 2 1 0 ]