sensors_x = [
[ 65248 64804 65512 64756 64912 65164 144 64876 65284 64252 64516 65068 64732 64948 64888 65440 65440 64408 65032 64420 65272 64996 64204 64348 64888 64996 64684 64324 65356 65224 64456 64864 64924 64876 64648 64912 64720 64684 64864 64852 64984 65260 64960 64972 64816 64816 64900 65080 65164 64792 65056 64216 64696 65248 64936 64516 64636 64936 65068 64684 64444 64732 65332 64996 64756 64744 24 65284 65092 64720 65128 65056 65068 64864 65056 64912 65248 64756 64924 64612 64792 65164 64756 144 64984 65224 65272 64912 65284 65152 64864 65416 65092 64960 64780 64768 65188 64828 64840 64972 0 0 0 0 0 ]
[ 65416 65272 65296 65308 65356 65404 65284 65392 65332 65344 65308 65320 65272 65296 65248 65332 65356 65344 65356 65332 65332 65368 65344 65332 65296 65368 65392 65248 65320 65260 65320 65392 65380 65332 65176 65356 65332 65320 65332 65308 65272 65356 65320 65404 65356 65344 65296 65332 65320 65428 65344 65272 65380 65296 65380 65296 65344 65308 65236 65320 65380 65320 65380 65332 65344 65404 65308 65380 65368 65308 65356 65380 65344 65392 65332 65392 65428 65320 65320 65284 65320 65404 65344 65404 65380 65320 65272 65356 65332 65440 65404 65356 65356 65332 65356 65332 65356 65416 65320 65368 0 0 0 0 0 ]
[ 54928 54940 54760 54784 54952 54880 54808 54748 54904 54856 54748 54844 54952 54988 54892 54940 54796 54856 54844 54928 54904 54844 54940 54832 54784 54880 54832 54820 54868 54772 54844 54868 54784 54796 54892 54916 54892 54796 54940 54892 54796 54784 54904 54904 54796 54784 54952 54880 54988 54808 54880 54784 54880 54844 54820 54928 54880 54940 54784 54928 54880 54868 54820 54784 54832 54820 54832 54880 54952 54868 54772 54928 54976 54796 54868 54904 54880 54904 54868 54940 54784 54892 54820 54856 54820 54916 54904 54856 54856 54964 54880 54892 54820 54952 54820 54928 54928 54724 54808 54856 0 0 0 0 0 ]
[ 65044 65020 64840 64864 65236 64612 64276 65356 64588 64696 64912 64948 64540 64636 64516 64564 64972 64504 64408 64996 64660 65116 65248 64612 64624 64756 65116 65104 64804 64828 64744 64996 64744 64924 64840 64804 64648 65044 64444 64936 64672 64660 64852 64600 64828 64888 65008 64804 64744 64780 64804 64528 64804 64540 64528 64780 64624 65080 65032 64972 64768 65488 64804 64864 64996 64528 65284 64744 64888 64828 64792 65200 65128 65008 64720 65092 64828 63892 64852 65044 64744 64684 64672 65344 64612 65068 65020 64864 64984 64948 64576 64564 65284 64936 64324 64768 65008 64684 65020 65032 0 0 0 0 0 ]
];
sensors_y = [
[ 64576 64996 64744 64324 64552 64372 64840 64708 65260 64516 64336 64708 65284 64876 240 64888 64648 65464 64216 65284 65104 65236 64948 64444 64168 396 65332 65116 65260 64936 0 64984 64924 65404 65104 64816 65104 64756 64576 65188 64504 396 64744 64636 65320 65488 64936 64888 65452 216 65416 64816 64696 64936 64528 65164 64420 0 64996 64972 65332 65020 132 65092 64852 65128 65296 64708 64708 65008 64612 64888 64564 64840 65296 64600 64264 64852 64684 84 64408 65068 64804 64552 64936 64456 65464 64720 64300 64696 65056 65320 64648 64120 65116 64960 64588 64768 64768 64444 0 0 0 0 0 ]
[ 65248 65320 65200 65236 65284 65356 65308 65368 65332 65296 65248 65296 65296 65296 65272 65332 65260 65224 65212 65284 65308 65344 65320 65308 65272 65344 65272 65272 65320 65236 65296 65296 65260 65308 65152 65308 65308 65344 65308 65320 65368 65380 65344 65284 65260 65176 65320 65284 65404 65428 65368 65320 65284 65248 65308 65320 65272 65356 65380 65272 65308 65344 65380 65188 65248 65212 65284 65308 65248 65332 65308 65332 65248 65272 65356 65224 65284 65224 65224 65236 65296 65332 65272 65236 65308 65272 65320 65332 65356 65416 65284 65260 65236 65356 65284 65260 65332 65272 65272 65248 0 0 0 0 0 ]
[ 46600 46636 46696 46576 46624 46600 46624 46780 46624 46696 46612 46636 46576 46564 46660 46564 46612 46672 46612 46600 46624 46636 46660 46576 46744 46672 46720 46660 46612 46708 46732 46588 46648 46660 46660 46660 46564 46660 46708 46684 46612 46828 46648 46720 46660 46648 46624 46720 46588 46624 46648 46720 46624 46636 46732 46672 46648 46588 46624 46648 46648 46756 46744 46732 46576 46516 46600 46576 46672 46684 46636 46648 46552 46684 46564 46744 46624 46696 46564 46588 46672 46612 46780 46600 46660 46804 46648 46648 46624 46684 46768 46708 46636 46720 46732 46648 46720 46756 46696 46696 0 0 0 0 0 ]
[ 63844 64756 64144 64168 63556 64108 64060 64636 64324 64264 64192 64420 64348 65044 64252 64420 64228 64024 64600 63796 63724 64180 64000 64204 64504 64084 64564 64000 64036 64228 64432 64564 64408 63988 64120 64540 64360 64132 64036 64456 64576 64252 64492 63568 65116 64144 63928 64348 64072 64084 64636 64240 64516 64324 64336 64348 64624 64720 64228 64084 64168 64168 64492 64120 64156 64720 64492 63880 63844 64156 64384 65032 63808 64372 64120 64276 64324 64156 64444 63844 64192 64336 64432 64144 64372 63964 64072 63928 64420 63940 64048 64420 64672 64432 64540 64168 64072 64492 64108 64024 0 0 0 0 0 ]
];
house_keep = [
[ 44498 44497 44500 44497 44500 44497 0 ]
[ 32640 32642 32641 32642 32642 32642 0 ]
[ 65174 65173 65173 65172 65170 65170 0 ]
[ 25410 25502 25581 25633 25732 25774 0 ]
[ 25410 25502 25581 25633 25732 25774 0 ]
];
config = [309 616 2 1 0 ]