sensors_x = [
[ 5976 5928 5928 5904 5952 5880 5928 5928 5820 5964 5928 5892 5844 5892 5832 5880 5820 5844 5808 5892 5880 5808 5868 5856 5832 5748 5832 5760 5832 5772 5796 5772 5724 5820 5736 5784 5724 5724 5796 5712 5784 5724 5700 5760 5760 5748 5712 5784 5760 5748 5748 5688 5700 5748 5772 5688 5736 5700 5676 5760 5748 5712 5712 5664 5748 5736 5712 5664 5688 5736 5700 5712 5712 5736 5736 5736 5796 5796 5784 5868 5832 5808 5880 5952 5940 5868 6000 5964 6048 6060 6060 6048 6156 6144 6168 6144 6192 6228 6216 6204 6300 6300 6228 6240 6288 6312 6264 6324 6276 6252 6276 6276 6228 6228 6264 6276 6216 6204 6276 6240 6168 6228 6180 6144 6156 6120 6144 6084 6108 6096 6072 6168 6024 6024 6084 6060 6060 5964 5964 5976 6024 5952 5988 5988 5904 5868 5940 5940 5856 5868 5904 5928 5892 5856 5844 5844 5868 5808 5832 5820 5772 5760 5748 5736 5724 5712 5664 5736 5736 5760 5736 5688 5676 5772 5676 5784 5604 5748 5652 5760 5664 5772 5772 5736 5748 5616 5736 5724 5724 5724 5676 5760 5736 5736 5748 5700 5796 5712 5748 5724 0 0 0 0 0 0 0 0 0 0 ]
[ 7128 7740 7956 7944 7968 7992 7944 7944 7932 7968 7944 7944 7944 7944 7920 7920 7944 7944 7956 7956 7968 7920 7908 7932 7968 7920 7920 7956 7920 7932 7944 7932 7920 7932 7908 7932 7908 7932 7908 7920 7920 7944 7944 7920 7944 7932 7932 7944 7932 7932 7920 7884 7920 7920 7956 7908 7956 7896 7920 7932 7920 7908 7944 7920 7920 7896 7920 7884 7884 7884 7884 7884 7896 7920 7920 7896 7944 7932 7992 7908 7980 7944 8004 8028 8052 8028 8052 8052 8064 8076 8076 8124 8100 8160 8196 8172 8196 8196 8244 8232 8256 8232 8244 8268 8244 8244 8184 8244 8184 8244 8208 8256 8196 8184 8220 8208 8220 8172 8220 8196 8184 8184 8148 8136 8208 8136 8112 8076 8112 8148 8088 8124 8076 8136 8100 8088 8076 8124 8064 8076 8040 8064 8076 8088 8016 8016 8016 8028 7992 8004 7980 8004 7992 7944 7956 7932 7956 7920 7944 7956 7920 7932 7932 7908 7884 7920 7908 7908 7896 7944 7908 7872 7884 7920 7860 7920 7872 7944 7908 7884 7896 7896 7908 7932 7956 7896 7920 7872 7944 7932 7932 7920 7896 7884 7920 7932 7920 7896 7932 7956 0 0 0 0 0 0 0 0 0 0 ]
[ 3456 3444 3516 3492 3468 3480 3480 3420 3444 3444 3432 3408 3456 3432 3396 3408 3396 3384 3396 3408 3408 3372 3372 3384 3408 3360 3408 3336 3372 3336 3360 3300 3312 3372 3300 3300 3288 3336 3276 3252 3252 3264 3240 3264 3288 3288 3300 3288 3240 3252 3264 3252 3264 3216 3264 3204 3216 3240 3204 3312 3276 3228 3264 3240 3252 3264 3264 3228 3228 3228 3228 3276 3240 3252 3240 3240 3276 3252 3348 3312 3324 3300 3348 3360 3372 3372 3384 3384 3468 3408 3480 3468 3552 3480 3540 3564 3576 3552 3588 3612 3612 3624 3636 3612 3636 3612 3624 3648 3552 3576 3612 3600 3576 3552 3600 3576 3588 3552 3564 3552 3528 3516 3528 3552 3516 3492 3504 3504 3480 3504 3420 3504 3432 3444 3420 3456 3456 3420 3384 3360 3408 3360 3408 3372 3372 3360 3336 3336 3336 3360 3348 3336 3312 3276 3288 3300 3288 3300 3264 3312 3240 3276 3228 3240 3204 3240 3276 3240 3228 3252 3288 3240 3252 3240 3264 3264 3240 3240 3264 3264 3228 3264 3240 3252 3240 3228 3276 3216 3300 3276 3252 3240 3240 3228 3264 3240 3228 3228 3216 3276 0 0 0 0 0 0 0 0 0 0 ]
[ 2736 2796 2880 2772 2844 2772 2844 2796 2700 2808 2784 2700 2796 2820 2736 2700 2724 2796 2700 2748 2784 2724 2724 2748 2736 2664 2736 2604 2688 2676 2700 2652 2664 2712 2628 2652 2724 2664 2664 2664 2628 2700 2664 2640 2616 2676 2676 2592 2640 2604 2712 2556 2616 2616 2640 2592 2556 2592 2556 2604 2580 2580 2628 2592 2580 2520 2628 2568 2592 2604 2580 2580 2640 2592 2544 2640 2544 2604 2640 2652 2640 2616 2664 2676 2724 2676 2712 2748 2784 2784 2736 2796 2856 2820 2880 2880 2904 2892 2844 2880 2880 2928 2976 2928 2976 2976 2904 2988 2952 2988 2904 2892 2940 2952 2904 2916 2916 2892 2892 2916 2892 2892 2868 2904 2892 2880 2820 2796 2784 2796 2772 2856 2772 2772 2736 2772 2796 2688 2736 2760 2724 2748 2736 2772 2784 2712 2688 2700 2688 2652 2652 2688 2676 2628 2628 2604 2604 2604 2556 2640 2580 2628 2616 2580 2580 2568 2604 2532 2592 2568 2628 2568 2544 2604 2580 2604 2580 2580 2592 2616 2580 2604 2592 2592 2592 2568 2568 2556 2580 2604 2556 2580 2640 2592 2568 2604 2628 2568 2580 2592 0 0 0 0 0 0 0 0 0 0 ]
];
sensors_y = [
[ 19152 19116 19128 19152 19128 19104 19128 19104 19140 19140 19080 19164 19020 19164 19128 19104 19092 19044 19104 19044 19128 19032 19068 18960 19056 19044 19008 19008 18984 18996 19020 18972 18972 18948 18888 18960 18900 18996 18924 18888 18840 18900 18900 18936 18840 18852 18888 18816 18828 18864 18780 18792 18852 18828 18756 18816 18864 18732 18804 18816 18744 18696 18744 18768 18756 18684 18672 18696 18696 18696 18660 18600 18660 18648 18576 18576 18612 18492 18552 18516 18456 18528 18504 18432 18396 18420 18432 18372 18408 18444 18372 18408 18492 18384 18408 18456 18480 18420 18360 18396 18492 18468 18396 18432 18492 18432 18408 18408 18420 18444 18492 18420 18492 18468 18528 18444 18408 18444 18420 18456 18432 18420 18444 18432 18468 18456 18432 18432 18420 18408 18432 18432 18456 18468 18420 18420 18444 18420 18372 18408 18480 18432 18444 18396 18480 18468 18420 18444 18480 18444 18456 18456 18492 18456 18516 18492 18516 18552 18576 18564 18540 18600 18612 18600 18636 18624 18600 18576 18600 18600 18720 18624 18588 18684 18708 18660 18660 18612 18708 18720 18696 18684 18660 18624 18696 18672 18648 18684 18636 18684 18636 18696 18648 18672 18564 18636 18612 18552 18564 18588 0 0 0 0 0 0 0 0 0 0 ]
[ 21504 22236 22404 22416 22392 22380 22416 22428 22428 22392 22428 22416 22416 22416 22440 22440 22416 22428 22404 22404 22392 22416 22452 22428 22392 22440 22440 22404 22440 22428 22416 22428 22440 22428 22452 22428 22452 22428 22452 22416 22416 22416 22416 22440 22416 22404 22404 22368 22404 22380 22392 22380 22368 22392 22380 22428 22380 22368 22392 22332 22344 22356 22368 22368 22368 22344 22344 22332 22356 22308 22308 22260 22272 22272 22320 22272 22272 22212 22224 22188 22164 22176 22140 22164 22152 22164 22140 22140 22104 22116 22140 22140 22092 22116 22140 22092 22092 22116 22116 22080 22104 22056 22092 22092 22116 22092 22080 22116 22104 22092 22080 22080 22104 22104 22092 22080 22092 22092 22068 22116 22104 22092 22116 22104 22104 22128 22080 22140 22128 22092 22128 22116 22116 22128 22140 22140 22140 22128 22128 22092 22128 22176 22212 22128 22128 22128 22200 22164 22176 22188 22140 22164 22152 22152 22212 22188 22188 22224 22248 22236 22200 22260 22236 22188 22236 22296 22308 22284 22296 22272 22308 22344 22284 22272 22356 22272 22320 22272 22356 22356 22320 22296 22332 22284 22284 22284 22296 22320 22320 22308 22308 22284 22296 22260 22248 22308 22296 22248 22260 22284 0 0 0 0 0 0 0 0 0 0 ]
[ 9792 9756 9756 9756 9780 9744 9744 9732 9732 9708 9696 9732 9744 9756 9756 9744 9732 9720 9708 9696 9696 9708 9708 9720 9720 9696 9696 9696 9684 9720 9648 9708 9648 9660 9660 9636 9648 9696 9612 9600 9612 9624 9600 9600 9600 9576 9576 9576 9552 9564 9576 9540 9540 9540 9552 9516 9600 9528 9528 9504 9492 9492 9480 9504 9492 9456 9456 9468 9468 9444 9444 9396 9384 9372 9384 9360 9396 9324 9324 9288 9276 9276 9252 9240 9228 9252 9264 9216 9192 9216 9240 9180 9192 9216 9204 9180 9192 9192 9180 9180 9204 9240 9204 9228 9204 9204 9192 9192 9228 9168 9192 9168 9192 9168 9192 9168 9204 9168 9180 9192 9168 9180 9192 9228 9228 9204 9168 9192 9216 9168 9180 9192 9168 9228 9156 9192 9192 9252 9192 9192 9216 9216 9216 9180 9216 9264 9216 9288 9216 9240 9252 9264 9288 9252 9312 9300 9312 9372 9336 9288 9336 9348 9372 9360 9348 9384 9372 9432 9396 9372 9408 9432 9384 9408 9432 9408 9384 9408 9432 9480 9420 9432 9432 9468 9408 9420 9444 9384 9444 9468 9456 9360 9408 9372 9408 9384 9396 9372 9384 9372 0 0 0 0 0 0 0 0 0 0 ]
