sensors_x = [
[ 6336 6288 6324 6324 6312 6348 6372 6384 6396 6396 6360 6396 6396 6360 6372 6372 6408 6420 6444 6420 6396 6396 6456 6432 6432 6444 6444 6492 6492 6408 6468 6504 6420 6432 6432 6432 6336 6396 6408 6408 6336 6348 6336 6288 6312 6264 6180 6216 6060 6132 6048 6084 6000 6072 5940 5904 5856 5880 5808 5712 5712 5796 5700 5796 5712 5748 5724 5760 5784 5628 5724 5760 5784 5760 5892 5880 5880 5916 5976 6060 6048 6096 6132 6240 6240 6216 6228 6384 6312 6252 6348 6396 6432 6288 6420 6432 6420 6408 6372 6456 6456 6468 6312 6432 6384 6432 6456 6456 6444 6432 6360 6360 6360 6312 6300 6264 6228 6240 6240 6120 6240 6192 6156 6108 6096 6096 6096 6024 6012 6000 5976 6120 5916 6024 5940 5808 5868 5892 5772 5760 5820 5856 5832 5784 5808 5820 5772 5784 5820 5700 5748 5760 5700 5748 5760 5700 5724 5736 5772 5724 5736 5712 5712 5748 5772 5736 5700 5760 5736 5748 5736 5760 5724 5760 5700 5760 5784 5712 5712 5688 5736 5736 5724 5712 5664 5760 5760 5580 5688 5736 5712 5592 5616 5700 5676 5676 5580 5760 5784 5700 0 0 0 0 0 0 0 0 0 0 ]
[ 8220 8244 8244 8280 8232 8268 8244 8280 8268 8244 8232 8256 8256 8268 8268 8256 8256 8256 8256 8280 8232 8256 8256 8256 8232 8256 8244 8232 8232 8220 8220 8208 8184 8172 8196 8208 8172 8184 8160 8136 8172 8124 8100 8136 8112 8076 8052 8064 8028 7992 8016 8016 7968 7992 7968 7968 7944 7956 7932 7944 7920 7896 7932 7932 7896 7908 7932 7848 7920 7896 7944 7896 7944 7944 7980 8016 7992 8016 8076 8112 8112 8112 8160 8184 8196 8208 8244 8256 8256 8220 8268 8268 8244 8316 8232 8244 8268 8244 8268 8268 8232 8232 8220 8208 8196 8220 8244 8172 8196 8160 8172 8184 8136 8136 8124 8112 8124 8076 8064 8088 8076 8064 8040 8040 8016 8004 8016 7980 8004 7968 7956 7944 7932 7968 7968 7932 7932 7932 7944 7932 7944 7896 7932 7932 7944 7956 7956 7932 7920 7896 7920 7944 7920 7920 7920 7908 7920 7932 7956 7896 7908 7908 7896 7908 7932 7884 7920 7920 7920 7956 7920 7932 7956 7884 7920 7920 7932 7908 7920 7884 7944 7956 7860 7920 7908 7896 7932 7896 7908 7896 7908 7932 7896 7908 7920 7932 7908 7896 7920 7920 0 0 0 0 0 0 0 0 0 0 ]
[ 3660 3660 3660 3672 3660 3696 3684 3708 3648 3660 3696 3696 3696 3732 3708 3708 3744 3744 3744 3792 3732 3756 3756 3732 3720 3756 3780 3804 3828 3864 3804 3780 3840 3816 3816 3828 3828 3732 3756 3768 3732 3744 3732 3744 3696 3672 3672 3672 3588 3576 3588 3504 3564 3504 3456 3468 3420 3420 3372 3324 3324 3324 3300 3312 3276 3288 3252 3204 3264 3192 3288 3252 3252 3324 3348 3372 3384 3396 3396 3372 3432 3480 3540 3540 3612 3588 3612 3648 3672 3672 3672 3684 3708 3756 3744 3744 3768 3756 3792 3804 3792 3792 3768 3816 3816 3840 3852 3804 3804 3780 3792 3732 3732 3756 3732 3756 3744 3708 3672 3660 3660 3648 3636 3612 3576 3576 3576 3528 3552 3480 3588 3528 3492 3480 3456 3396 3396 3408 3408 3360 3432 3360 3384 3384 3324 3384 3324 3348 3336 3324 3288 3324 3300 3312 3276 3240 3288 3264 3276 3276 3204 3228 3312 3276 3276 3252 3252 3240 3276 3312 3264 3324 3252 3228 3276 3240 3240 3288 3252 3240 3276 3276 3276 3276 3276 3264 3336 3300 3228 3288 3276 3240 3264 3288 3264 3300 3240 3252 3240 3264 0 0 0 0 0 0 0 0 0 0 ]
[ 2964 3012 2988 2964 2988 3000 3012 3024 3048 3036 3012 3012 3060 3108 3072 3072 3096 3072 3096 3108 3108 3096 3120 3156 3132 3060 3108 3168 3132 3156 3276 3096 3144 3132 3084 3252 3144 3156 3084 3060 3096 3108 3120 3192 3024 3024 2892 3036 2952 2928 2952 2988 2868 2856 2832 2868 2760 2736 2748 2772 2508 2580 2664 2616 2616 2592 2664 2580 2484 2544 2568 2592 2604 2616 2664 2664 2688 2724 2724 2772 2820 2856 2880 2892 2880 2952 2904 3000 2928 3000 3024 3036 3036 3108 3072 3108 3144 3084 3144 3048 3132 3192 3204 3132 3144 3120 3120 3144 3156 3084 3120 3180 3120 3072 3072 3072 3036 3036 3072 3012 3048 3024 3024 2964 2928 2940 2916 2880 2928 2880 2844 2880 2820 2796 2844 2808 2772 2748 2760 2724 2772 2784 2688 2652 2640 2712 2724 2736 2616 2580 2700 2676 2592 2664 2604 2580 2616 2628 2640 2652 2640 2628 2652 2616 2616 2616 2616 2628 2592 2604 2604 2664 2628 2532 2592 2628 2580 2592 2568 2592 2604 2640 2640 2616 2652 2568 2640 2592 2592 2616 2652 2628 2628 2604 2592 2676 2568 2640 2616 2616 0 0 0 0 0 0 0 0 0 0 ]
];
sensors_y = [
[ 18456 18480 18564 18516 18504 18492 18492 18516 18588 18540 18576 18540 18564 18552 18564 18564 18636 18684 18648 18612 18660 18756 18744 18696 18768 18816 18828 18804 18828 18864 18876 18840 18828 18912 18960 18924 18936 19008 19008 19008 19008 19068 19032 19104 19104 19080 19164 19128 19140 19188 19152 19212 19128 19080 19164 19104 19200 19032 19032 19044 18912 18876 18936 18876 18888 18828 18708 18720 18648 18636 18612 18576 18576 18528 18468 18480 18408 18444 18552 18468 18480 18312 18372 18384 18408 18432 18396 18432 18528 18516 18540 18564 18576 18576 18660 18660 18660 18672 18684 18744 18816 18828 18792 18888 18864 18864 18864 18816 18948 18840 18960 18960 18960 19032 19140 19008 19068 19080 19032 19152 19080 19104 19164 19164 19152 19008 19176 19152 19188 19104 19128 19152 19164 19152 19092 19080 18876 18948 19068 19080 19140 19080 19056 19056 18840 19020 18972 19020 19020 19020 18996 18888 18924 18756 18864 18900 18924 18936 18900 18996 18888 18912 18816 18864 18804 18888 18900 18888 18840 18852 18864 18864 18876 18840 18996 18984 18864 18840 18744 18888 18792 18888 18876 19008 18936 18840 18744 18900 18912 18912 18888 18888 18840 18900 18876 18876 18828 18840 18840 18924 0 0 0 0 0 0 0 0 0 0 ]
[ 22044 22068 22116 22080 22104 22092 22092 22080 22092 22116 22128 22104 22104 22092 22092 22104 22104 22104 22104 22080 22128 22104 22104 22104 22128 22104 22116 22128 22128 22140 22140 22152 22176 22188 22164 22152 22188 22176 22200 22236 22188 22236 22260 22224 22248 22284 22308 22296 22332 22368 22344 22344 22392 22368 22392 22392 22416 22404 22428 22416 22440 22464 22428 22404 22392 22404 22380 22296 22320 22296 22272 22296 22272 22224 22188 22128 22176 22152 22128 22104 22080 22104 22080 22104 22116 22128 22116 22080 22116 22092 22092 22092 22116 22044 22128 22116 22092 22116 22092 22092 22128 22128 22140 22152 22164 22140 22116 22188 22164 22200 22188 22176 22224 22236 22236 22248 22236 22284 22296 22272 22284 22296 22320 22320 22344 22356 22344 22380 22356 22392 22404 22416 22428 22392 22392 22404 22428 22428 22416 22428 22416 22464 22428 22428 22416 22404 22404 22428 22440 22440 22416 22416 22440 22440 22416 22404 22440 22428 22404 22440 22404 22428 22440 22428 22380 22404 22416 22440 22392 22404 22452 22428 22392 22428 22440 22440 22404 22404 22392 22404 22416 22404 22404 22416 22428 22440 22428 22416 22428 22440 22428 22428 22440 22428 22392 22404 22428 22428 22392 22392 0 0 0 0 0 0 0 0 0 0 ]
[ 9204 9204 9204 9240 9252 9216 9228 9228 9264 9252 9264 9288 9312 9324 9264 9348 9324 9336 9336 9312 9372 9348 9372 9348 9408 9396 9420 9444 9468 9504 9456 9468 9480 9504 9552 9516 9540 9540 9564 9576 9588 9648 9684 9648 9648 9624 9696 9672 9732 9720 9708 9768 9756 9720 9756 9756 9756 9756 9708 9684 9588 9660 9612 9576 9564 9528 9468 9492 9432 9408 9396 9348 9372 9324 9252 9300 9240 9252 9216 9180 9192 9228 9156 9156 9252 9204 9180 9192 9240 9216 9264 9228 9276 9276 9312 9336 9360 9324 9360 9348 9408 9432 9432 9456 9432 9456 9492 9516 9516 9516 9552 9588 9612 9612 9660 9636 9624 9660 9696 9684 9660 9696 9708 9708 9744 9720 9744 9720 9720 9744 9804 9744 9732 9720 9720 9756 9708 9708 9720 9720 9696 9720 9696 9672 9660 9696 9684 9684 9672 9684 9648 9636 9612 9636 9636 9600 9624 9624 9636 9612 9588 9612 9624 9588 9564 9564 9588 9624 9612 9576 9600 9552 9588 9588 9588 9576 9600 9624 9612 9648 9612 9612 9612 9612 9612 9600 9600 9624 9636 9648 9588 9600 9600 9600 9576 9564 9576 9588 9528 9576 0 0 0 0 0 0 0 0 0 0 ]
