sensors_x = [
[ 63256 63424 63592 63532 63388 63472 63472 63376 63400 63352 63664 63460 63352 63304 63448 63424 63436 63484 63400 63328 63472 63364 63232 63400 63472 63376 63424 63364 63436 63448 64276 64804 64540 64552 64672 64540 64504 64636 64564 64576 64468 64648 64636 64552 64492 64420 64720 64636 64816 64816 64516 64600 64480 64588 64588 64480 64540 64612 64444 64624 64660 64840 64468 64528 64576 64768 64624 64732 64672 64636 64576 64684 64792 64768 64648 64780 64708 64720 64816 64480 64504 64636 64648 64564 64636 64696 64612 64708 64624 64636 64384 64420 64528 64624 64528 64384 64444 64480 64528 64444 0 0 0 0 0 ]
[ 65272 65308 65260 65260 65260 65260 65308 65260 65260 65296 65296 65296 65248 65284 65260 65260 65260 65260 65260 65248 65260 65260 65248 65308 65248 65272 65272 65272 65260 65272 65332 65332 65344 65308 65332 65344 65332 65344 65308 65344 65332 65344 65356 65344 65332 65332 65344 65344 65332 65332 65332 65308 65320 65332 65332 65332 65320 65332 65320 65332 65332 65344 65320 65332 65332 65332 65332 65332 65344 65332 65332 65332 65332 65356 65332 65320 65344 65320 65332 65320 65332 65320 65332 65344 65332 65332 65332 65332 65308 65332 65332 65332 65332 65332 65344 65344 65356 65308 65356 65344 0 0 0 0 0 ]
[ 64792 64792 64792 64792 64792 64792 64804 64816 64792 64792 64804 64792 64792 64792 64804 64804 64792 64792 64792 64804 64792 64792 64792 64792 64792 64792 64792 64816 64792 64672 63256 62692 62716 62668 62716 62704 62644 62656 62716 62704 62680 62704 62644 62644 62692 62644 62656 62692 62644 62656 62644 62644 62716 62656 62644 62716 62656 62692 62656 62668 62680 62656 62680 62680 62704 62668 62728 62692 62680 62668 62656 62644 62644 62644 62644 62644 62680 62668 62668 62692 62644 62644 62644 62680 62656 62656 62644 62644 62680 62656 62644 62668 62680 62644 62644 62668 62644 62632 62716 62644 0 0 0 0 0 ]
[ 63604 63592 63592 63544 63544 63580 63484 63640 63484 63616 63544 63556 63508 63448 63592 63628 63640 63616 63616 63724 63688 63496 63616 63532 63724 63424 63508 63592 63580 63616 64360 64792 64900 64876 64972 64756 64936 64960 64864 64852 64924 64840 64852 64840 64852 64804 64816 64936 64900 64756 65032 64852 64864 64996 64888 64900 64864 64888 64996 64816 64864 64804 64828 64828 64816 64768 64864 64864 64864 64828 64768 64960 65056 64900 64888 64864 64720 64888 64852 64672 64768 64828 64888 65092 64900 64912 64900 64876 64864 64900 64852 64840 64864 64816 64828 64816 64804 64864 64864 64852 0 0 0 0 0 ]
];
sensors_y = [
[ 60664 60712 60772 60868 60748 60496 60712 60760 60736 60676 60664 60892 60712 60832 60784 60856 60652 60556 60736 60736 60568 60652 60496 60568 60580 60808 60832 60772 60628 60640 62668 63724 63532 63880 63832 63892 63952 63916 63964 63760 63772 63520 63844 63964 63964 63772 63928 63916 63856 63748 63892 63808 63832 63796 63652 63664 63748 63652 63748 63664 64012 63760 63796 63808 63664 63688 63832 63868 63664 63820 63616 63796 63880 63496 63664 63700 63736 63808 63784 63760 63592 64000 64000 64060 63868 63808 64036 63964 63808 63892 63832 63700 63736 63664 63712 63856 63772 63760 63880 63748 0 0 0 0 0 ]
[ 64792 64852 64780 64780 64780 64780 64828 64780 64780 64840 64816 64840 64792 64804 64780 64780 64828 64780 64780 64792 64780 64780 64792 64852 64792 64792 64816 64792 64780 64792 64876 64924 64924 64900 64924 64888 64924 64912 64900 64912 64924 64900 64900 64912 64924 64924 64912 64936 64924 64924 64924 64900 64912 64924 64924 64876 64912 64924 64888 64924 64924 64912 64912 64888 64876 64924 64924 64924 64924 64924 64924 64924 64876 64900 64876 64912 64888 64912 64900 64912 64924 64912 64924 64888 64924 64924 64924 64924 64900 64924 64924 64924 64924 64924 64984 64936 64900 64900 64948 64912 0 0 0 0 0 ]
[ 41968 41944 41944 41944 41944 41944 41956 41944 41944 41956 41956 41944 41944 41944 41956 41956 41944 41944 41944 41956 41944 41944 41944 41944 41944 41944 41944 41944 41944 41992 44368 44764 44764 44812 44764 44752 44788 44800 44776 44752 44800 44776 44788 44788 44764 44788 44776 44764 44788 44800 44788 44788 44764 44800 44788 44764 44776 44764 44800 44788 44788 44800 44776 44752 44776 44776 44788 44764 44776 44764 44776 44788 44788 44788 44788 44788 44752 44788 44788 44788 44788 44788 44788 44800 44776 44776 44788 44788 44776 44776 44788 44764 44752 44788 44788 44764 44788 44776 44764 44788 0 0 0 0 0 ]
[ 62284 62272 62296 62224 62248 62260 62260 62212 62212 62200 62032 62308 62404 62200 62200 62092 62104 62152 62128 62236 62224 62224 62152 62236 62212 62164 62236 62272 62212 62128 63376 64144 64180 64228 64132 64372 64312 64240 64288 64252 64252 64120 64036 64096 64180 64276 64192 64168 64204 64132 64120 64180 64264 64324 64216 64180 64192 64192 63988 64096 64216 64300 64300 64396 64168 64144 64240 64264 64264 64204 64288 64168 64168 64228 64240 64204 64288 64264 64180 64264 64288 64252 64240 64276 64228 64216 64348 64264 64216 64240 64252 64216 64240 64300 64228 64288 64180 64216 64120 64228 0 0 0 0 0 ]
];
house_keep = [
[ 46666 46661 46654 46657 46652 46645 0 ]
[ 32658 32654 32658 32657 32657 32656 0 ]
[ 65181 65180 65179 65181 65178 65179 0 ]
[ 49382 49447 49503 49558 49597 49650 0 ]
[ 49382 49447 49503 49558 49597 49650 0 ]
];
config = [309 616 2 1 0 ]