sensors_x = [
[ 63508 63472 63580 63592 63460 63412 63496 63280 63532 63388 63412 63544 63472 63484 63436 63568 63448 63592 63484 63616 63532 63412 63424 63868 63652 63748 63424 63376 63604 63616 63784 63472 63388 63616 63688 63484 63568 63532 63820 63748 63784 63628 63472 63508 63568 63676 63520 63640 63376 63484 63412 63592 63700 63580 63700 63832 63616 63712 63472 63496 63472 63520 63520 63712 63700 63604 63652 63472 63652 63640 63652 63832 63724 63412 63424 63400 63496 63724 63628 63556 63568 63448 63532 63304 63580 63544 63688 63568 63604 63412 63508 63556 63400 63508 63532 63472 63436 63424 63448 63616 0 0 0 0 0 ]
[ 65284 65320 65332 65320 65320 65284 65308 65296 65308 65296 65296 65308 65320 65308 65284 65296 65308 65284 65332 65308 65272 65320 65332 65284 65284 65308 65284 65284 65320 65260 65296 65296 65308 65296 65320 65308 65332 65344 65308 65296 65272 65260 65308 65284 65272 65308 65260 65284 65260 65320 65296 65308 65332 65332 65296 65308 65296 65308 65308 65308 65284 65296 65284 65284 65284 65308 65320 65284 65332 65332 65296 65272 65344 65296 65320 65308 65296 65260 65320 65320 65296 65296 65332 65320 65332 65332 65308 65308 65284 65320 65296 65296 65260 65284 65260 65272 65284 65260 65260 65308 0 0 0 0 0 ]
[ 64804 64816 64804 64804 64804 64804 64816 64804 64804 64804 64816 64804 64792 64804 64816 64816 64816 64816 64816 64816 64816 64816 64816 64816 64804 64816 64804 64804 64804 64816 64804 64804 64816 64804 64816 64804 64816 64816 64804 64804 64816 64804 64816 64816 64816 64816 64816 64816 64816 64804 64816 64804 64804 64804 64804 64816 64816 64804 64804 64804 64816 64792 64792 64804 64804 64792 64792 64816 64792 64816 64804 64804 64804 64792 64804 64804 64792 64804 64816 64804 64780 64804 64792 64792 64792 64804 64804 64804 64804 64792 64804 64816 64792 64792 64804 64804 64816 64792 64780 64804 0 0 0 0 0 ]
[ 63724 63676 63772 63772 63592 63724 63496 63628 63688 63748 63688 63712 63784 63844 63712 63724 63604 63556 63412 63508 63736 63508 63664 63736 63592 63520 63580 63448 63532 63712 63724 63664 63724 63664 63808 63664 63676 63796 63736 63712 63640 63652 63544 63772 63532 63604 63724 63604 63604 63736 63724 63592 63664 63664 63676 63700 63676 63640 63652 63748 63568 63700 63676 63688 63664 63664 63724 63736 63604 63592 63712 63736 63664 63724 63736 63700 63724 63700 63736 63700 63628 63712 63676 63712 63724 63616 63640 63580 63724 63760 63856 63688 63832 63700 63760 63856 63628 63580 63568 63724 0 0 0 0 0 ]
];
sensors_y = [
[ 60892 60784 60772 60664 60772 60724 60952 60688 60820 60748 60628 60784 60724 60868 60676 60712 60616 60688 60580 60784 60916 60916 60592 60508 60580 60724 60760 60928 60892 60688 60472 60700 60796 60880 60856 60844 60952 60916 60652 60916 60616 60820 60640 60652 60832 60796 60712 60592 60688 60556 60724 60760 60844 60652 60868 60832 60616 60640 60520 60784 60808 60820 60904 60832 60892 60796 60940 60784 60844 60616 60820 60760 60676 60676 60736 60736 60688 60628 60604 60820 60736 60784 60844 60520 60724 60688 60616 60688 60652 60676 60844 60772 60736 60796 60724 60688 60868 60832 60688 60592 0 0 0 0 0 ]
[ 64804 64816 64852 64816 64840 64804 64852 64816 64828 64816 64816 64828 64840 64828 64792 64816 64828 64804 64876 64852 64792 64840 64876 64804 64804 64852 64804 64828 64852 64780 64816 64840 64828 64816 64864 64828 64876 64792 64852 64816 64792 64780 64828 64780 64792 64828 64780 64828 64804 64852 64840 64852 64876 64852 64816 64828 64816 64852 64852 64828 64828 64816 64804 64804 64804 64828 64840 64804 64876 64852 64840 64792 64864 64816 64864 64852 64816 64780 64864 64840 64816 64816 64876 64840 64876 64876 64852 64840 64792 64828 64816 64816 64780 64804 64780 64792 64816 64780 64780 64840 0 0 0 0 0 ]
[ 41980 41968 41980 41980 41980 41980 41968 41980 41980 41980 41968 41980 41968 41980 41968 41968 41968 41968 41968 41968 41968 41968 41968 41980 41980 41968 41980 41980 41956 41968 41980 41956 41968 41980 41968 41980 41968 41968 41980 41980 41968 41980 41968 41968 41968 41968 41968 41968 41968 41980 41968 41980 41956 41956 41956 41968 41968 41956 41980 41980 41968 41968 41968 41980 41956 41968 41968 41968 41968 41968 41968 41956 41980 41968 41980 41956 41968 41956 41968 41980 41956 41956 41944 41968 41968 41956 41956 41956 41956 41944 41956 41968 41968 41944 41956 41956 41968 41944 41956 41956 0 0 0 0 0 ]
[ 62260 62260 62212 62212 62248 62236 62056 62116 62152 62188 62320 62152 62080 62068 62392 62236 62308 62428 62260 62452 62224 62164 62248 62176 62296 62200 62212 62104 62260 62176 62284 62008 62260 62320 62056 62128 62116 62140 62272 62224 62272 62500 62392 62044 62236 62284 62332 62500 62236 62248 62236 62296 62104 62176 62212 62212 62188 62152 62116 62236 62224 62332 62164 62200 62224 62272 62236 62224 62260 62200 62320 62248 62152 62164 62176 62140 62188 62188 62200 62140 62260 62272 62308 62248 62164 62248 62296 61996 62212 62176 62296 62392 62128 62212 62104 62152 62236 62284 62512 62236 0 0 0 0 0 ]
];
house_keep = [
[ 46811 46808 46792 46781 46769 46763 0 ]
[ 32669 32662 32665 32663 32662 32664 0 ]
[ 65195 65198 65191 65197 65197 65193 0 ]
[ 48569 48671 48774 48864 48938 49010 0 ]
[ 48569 48671 48774 48864 48938 49010 0 ]
];
config = [309 616 2 1 0 ]