sensors_x = [
[ 63328 63268 63352 63328 63400 63460 63460 63328 63544 63460 63316 63460 63532 63328 63544 63280 63436 63652 63400 63424 63400 63400 63664 63436 63496 63472 63376 63424 63472 63376 63520 63592 63604 63568 63388 63220 63424 63304 63352 63484 63472 63556 63292 63388 63436 63472 63556 63472 63364 63592 63304 63520 63352 63448 63376 63496 63556 63388 63400 63376 63340 63556 63412 63448 63496 63520 63520 63280 63412 63472 63520 63436 63316 63448 63448 63352 63376 63460 63628 63340 63472 63412 63412 63448 63640 63520 63484 63448 63376 63424 63412 63568 63616 63472 63520 63352 63268 63448 63316 63364 0 0 0 0 0 ]
[ 65284 65332 65272 65320 65248 65248 65236 65272 65320 65272 65272 65296 65332 65332 65320 65332 65296 65296 65284 65284 65248 65296 65332 65308 65332 65320 65296 65272 65308 65272 65272 65248 65260 65284 65272 65308 65320 65248 65284 65284 65284 65320 65332 65272 65284 65308 65272 65248 65248 65308 65296 65260 65284 65296 65332 65272 65260 65284 65284 65284 65260 65320 65296 65272 65284 65272 65284 65248 65248 65260 65272 65272 65296 65272 65320 65284 65308 65296 65260 65296 65260 65320 65296 65260 65296 65296 65284 65272 65248 65284 65296 65284 65320 65260 65308 65296 65332 65320 65248 65272 0 0 0 0 0 ]
[ 64804 64792 64804 64804 64792 64792 64780 64780 64792 64792 64780 64804 64792 64804 64780 64804 64804 64804 64792 64780 64804 64804 64792 64804 64804 64804 64792 64804 64804 64804 64792 64816 64780 64804 64792 64804 64804 64792 64804 64792 64816 64780 64792 64804 64816 64804 64804 64792 64792 64792 64780 64792 64780 64804 64804 64792 64804 64804 64792 64804 64792 64804 64816 64816 64816 64792 64804 64792 64804 64804 64804 64792 64792 64804 64804 64792 64804 64804 64804 64804 64816 64804 64804 64804 64792 64804 64804 64804 64804 64804 64792 64804 64804 64804 64804 64804 64804 64804 64804 64804 0 0 0 0 0 ]
[ 63568 63640 63544 63640 63580 63712 63712 63592 63712 63652 63604 63724 63640 63556 63640 63412 63616 63544 63508 63556 63760 63604 63568 63568 63736 63652 63580 63628 63568 63484 63628 63568 63616 63652 63568 63616 63556 63580 63616 63652 63724 63592 63688 63628 63676 63592 63592 63664 63364 63628 63724 63652 63568 63628 63580 63580 63592 63592 63664 63736 63604 63568 63472 63628 63676 63676 63340 63604 63748 63460 63820 63772 63736 63496 63580 63616 63592 63592 63616 63664 63604 63616 63520 63592 63592 63748 63628 63640 63724 63592 63748 63640 63604 63388 63676 63628 63580 63556 63640 63592 0 0 0 0 0 ]
];
sensors_y = [
[ 60736 60688 60664 60736 60784 60676 60604 60544 60712 60724 60676 60772 60676 60784 60880 60856 60700 60676 60760 60640 60664 60760 60856 60652 60712 60616 60808 60784 60712 60784 60760 60676 60628 60568 60868 60772 60616 60760 60520 60772 60880 60544 60796 60628 60940 60616 60532 60688 60772 60736 60832 60856 60712 60664 60568 60544 60772 60724 60568 60640 60628 60652 60724 60424 60664 60688 60880 60736 60820 60808 60664 60748 60604 60640 60592 60736 60736 60604 60772 60748 60592 60772 60748 60712 60784 60904 60796 60736 60784 60640 60700 60736 60616 60520 60520 60712 60772 60592 60532 60916 0 0 0 0 0 ]
[ 64828 64876 64792 64864 64792 64816 64804 64792 64864 64792 64816 64816 64876 64852 64864 64876 64840 64816 64852 64804 64792 64840 64876 64852 64876 64840 64840 64792 64828 64816 64816 64816 64804 64828 64816 64828 64864 64792 64804 64804 64804 64864 64876 64816 64804 64852 64792 64768 64792 64828 64840 64780 64804 64840 64876 64792 64780 64804 64828 64804 64780 64864 64816 64792 64804 64792 64828 64792 64792 64780 64804 64792 64840 64816 64864 64804 64828 64816 64780 64840 64804 64864 64816 64780 64816 64840 64828 64816 64792 64828 64840 64828 64864 64780 64852 64840 64876 64864 64768 64792 0 0 0 0 0 ]
[ 41956 41968 41956 41956 41968 41968 41956 41956 41944 41968 41956 41956 41944 41956 41956 41956 41956 41956 41968 41956 41956 41956 41944 41956 41956 41956 41968 41956 41956 41956 41944 41968 41956 41956 41944 41956 41956 41944 41956 41944 41968 41956 41944 41956 41944 41956 41956 41944 41944 41968 41956 41944 41956 41956 41956 41944 41956 41956 41944 41956 41968 41956 41944 41944 41944 41968 41956 41944 41956 41956 41956 41944 41968 41956 41956 41944 41956 41956 41956 41956 41968 41956 41956 41956 41944 41956 41956 41956 41956 41956 41944 41956 41956 41956 41956 41956 41956 41956 41956 41956 0 0 0 0 0 ]
[ 62152 62200 62200 62152 62212 62224 62248 62200 62248 62356 62404 62140 62416 62428 62368 62308 62152 62272 62392 62260 62272 62068 62224 62224 62248 62188 62260 62068 62152 62212 62140 62224 62272 62236 62248 62272 62236 62260 62248 62116 62188 62272 62200 62236 62164 62296 62128 62152 62140 62284 62188 62164 62272 62140 62284 62212 62236 62200 62344 62344 62188 62176 62128 62236 62092 62164 62164 62284 62236 62428 62020 62212 62224 62248 62356 62104 62128 62272 62272 62152 62212 62128 62152 62272 62248 62212 62188 62128 62212 62200 62212 62128 62188 62356 62404 62332 62380 62284 62320 62272 0 0 0 0 0 ]
];
house_keep = [
[ 46722 46713 46700 46701 46694 46688 0 ]
[ 32660 32662 32658 32659 32659 32657 0 ]
[ 65191 65188 65182 65179 65184 65177 0 ]
[ 49090 49162 49229 49291 49362 49413 0 ]
[ 49090 49162 49229 49291 49362 49413 0 ]
];
config = [309 616 2 1 0 ]