sensors_x = [
[ 19380 19380 19380 19380 19380 19380 19380 19368 19368 19368 19368 19368 19368 19368 19380 19380 19380 19368 19380 19392 19380 19392 19380 19380 19380 19392 19380 19392 19392 19392 19392 19380 19380 19380 19380 19380 19380 19380 19380 19368 19392 19380 19404 19380 19380 19392 19380 19380 19380 19380 19380 19380 19368 19392 19392 19380 19368 19380 19380 19380 ]
[ 19404 19404 19404 19404 19392 19392 19392 19392 19392 19392 19392 19392 19392 19392 19392 19380 19392 19404 19392 19380 19392 19392 19392 19392 19392 19392 19392 19392 19392 19392 19392 19392 19392 19392 19392 19392 19392 19392 19404 19380 19392 19380 19380 19380 19380 19380 19404 19368 19380 19380 19392 19380 19404 19404 19392 19392 19392 19380 19404 19404 ]
[ 14280 14244 14244 14280 14292 14268 14280 14280 14280 14256 14268 14280 14268 14268 14280 14256 14280 14256 14256 14268 14268 14268 14268 14268 14268 14268 14268 14268 14268 14268 14292 14256 14268 14268 14268 14256 14268 14268 14256 14268 14256 14256 14268 14256 14256 14256 14256 14244 14256 14256 14256 14256 14256 14256 14268 14244 14256 14256 14256 14256 ]
[ 6588 6588 6588 6624 6612 6600 6588 6588 6588 6600 6576 6624 6612 6576 6588 6564 6660 6636 6576 6588 6564 6576 6588 6588 6576 6588 6588 6588 6576 6588 6624 6588 6588 6648 6600 6552 6588 6612 6636 6636 6576 6624 6636 6648 6648 6636 6564 6600 6648 6600 6576 6624 6648 6648 6588 6576 6624 6648 6636 6636 ]
];
sensors_y = [
[ 3684 3684 3684 3684 3684 3684 3684 3696 3696 3696 3696 3696 3696 3696 3708 3708 3708 3696 3708 3720 3708 3720 3708 3708 3708 3720 3732 3720 3720 3720 3720 3732 3732 3732 3732 3732 3732 3732 3732 3744 3720 3732 3756 3732 3732 3720 3732 3732 3732 3756 3732 3732 3744 3768 3768 3708 3744 3756 3756 3756 ]
[ 65260 65260 65260 65260 65272 65272 65272 65272 65272 65272 65272 65272 65272 65272 65284 65284 65296 65260 65272 65284 65296 65296 65296 65296 65296 65296 65296 65296 65296 65296 65320 65296 65296 65296 65296 65296 65296 65296 65308 65332 65296 65332 65332 65332 65332 65332 65308 65320 65332 65332 65344 65332 65356 65356 65344 65296 65344 65332 65356 65356 ]
[ 672 660 636 648 684 708 696 696 696 696 708 696 708 708 696 696 696 672 696 708 708 708 708 708 708 708 708 708 708 708 708 720 708 708 708 720 708 708 720 732 720 720 708 720 720 720 720 708 720 720 720 720 720 720 732 708 720 720 720 720 ]
[ 63268 63268 63268 63280 63292 63280 63292 63292 63292 63304 63304 63304 63268 63328 63292 63316 63412 63280 63304 63340 63316 63328 63340 63340 63328 63292 63340 63340 63328 63340 63376 63340 63340 63376 63352 63376 63340 63364 63388 63388 63328 63400 63388 63376 63376 63388 63364 63352 63400 63352 63328 63424 63400 63400 63364 63328 63424 63400 63436 63436 ]
];
house_keep = [
[ 38973 38971 38970 0 ]
[ 32662 32661 32658 0 ]
[ 38965 38966 38964 0 ]
[ 49138 49236 49323 0 ]
[ 49138 49236 49323 0 ]
];
config = [309 616 2 1 0 ]